1,0.98,0.96,0.94,0.92,0.9,0.88,0.86,0.84,0.82,0.8,0.78,0.76,0.74,0.72,0.7,0.68,0.66,0.64,0.62,0.6,0.58,0.56,0.54,0.52,0.5,0.48,0.46,0.44,0.42,0.4,0.38,0.36,0.34,0.32,0.3,0.28,0.26,0.24,0.22,0.2,0.18,0.16,0.14,0.12,0.1,0.08,0.06,0.04,0.02,0,-0.02,-0.04,-0.06,-0.08,-0.1,-0.12,-0.14,-0.16,-0.18,-0.2,-0.22,-0.24,-0.26,-0.28,-0.3,-0.32,-0.34,-0.36,-0.38,-0.4,-0.42,-0.44,-0.46,-0.48,-0.5,-0.52,-0.54,-0.56,-0.58,-0.6,-0.62,-0.64,-0.66,-0.68,-0.7,-0.72,-0.74,-0.76,-0.78,-0.8,-0.82,-0.84,-0.86,-0.88,-0.9,-0.92,-0.94,-0.96,-0.98,-1
0.98,0.9603,0.940601,0.920904,0.901208,0.881514,0.861822,0.842133,0.822448,0.802766,0.783088,0.763414,0.743744,0.724079,0.704419,0.684764,0.665115,0.645471,0.625833,0.6062,0.586574,0.566954,0.547339,0.527731,0.508129,0.488534,0.468944,0.44936,0.429782,0.41021,0.390644,0.371083,0.351528,0.331978,0.312433,0.292893,0.273357,0.253825,0.234298,0.214774,0.195254,0.175737,0.156222,0.136711,0.117201,0.097693,0.0781866,0.0586812,0.0391767,0.0196725,0.000168404,-0.0193361,-0.0388412,-0.0583474,-0.077855,-0.0973643,-0.116876,-0.13639,-0.155906,-0.175426,-0.194949,-0.214476,-0.234007,-0.253542,-0.273082,-0.292626,-0.312176,-0.331731,-0.351291,-0.370856,-0.390428,-0.410005,-0.429588,-0.449177,-0.468772,-0.488374,-0.507981,-0.527595,-0.547214,-0.56684,-0.586471,-0.606109,-0.625751,-0.6454,-0.665054,-0.684712,-0.704376,-0.724044,-0.743716,-0.763393,-0.783073,-0.802756,-0.822443,-0.842132,-0.861824,-0.881517,-0.901212,-0.920908,-0.940605,-0.960303,-0.98
0.96,0.940601,0.921204,0.90181,0.882419,0.863031,0.843649,0.824272,0.804902,0.785539,0.766183,0.746835,0.727497,0.708167,0.688848,0.669539,0.65024,0.630953,0.611677,0.592413,0.57316,0.55392,0.534691,0.515475,0.496271,0.477079,0.4579,0.438732,0.419576,0.400432,0.3813,0.362178,0.343067,0.323966,0.304876,0.285795,0.266723,0.247659,0.228604,0.209555,0.190514,0.171479,0.15245,0.133425,0.114405,0.0953888,0.0763752,0.0573638,0.0383539,0.0193448,0.000335755,-0.0186739,-0.037685,-0.0566982,-0.0757141,-0.0947336,-0.113757,-0.132786,-0.15182,-0.17086,-0.189907,-0.208961,-0.228024,-0.247095,-0.266174,-0.285264,-0.304363,-0.323473,-0.342593,-0.361725,-0.380868,-0.400022,-0.419189,-0.438367,-0.457558,-0.47676,-0.495975,-0.515202,-0.534441,-0.553692,-0.572955,-0.592229,-0.611515,-0.630811,-0.650118,-0.669435,-0.688762,-0.708097,-0.727442,-0.746794,-0.766153,-0.78552,-0.804892,-0.82427,-0.843652,-0.863038,-0.882427,-0.901819,-0.921212,-0.940606,-0.96
0.94,0.920904,0.90181,0.88272,0.863634,0.844555,0.825483,0.80642,0.787366,0.768322,0.74929,0.73027,0.711263,0.69227,0.673292,0.654329,0.635382,0.616452,0.597538,0.578642,0.559764,0.540903,0.522061,0.503237,0.484431,0.465644,0.446874,0.428122,0.409388,0.390672,0.371972,0.353289,0.334622,0.31597,0.297333,0.27871,0.260101,0.241505,0.22292,0.204347,0.185784,0.16723,0.148685,0.130147,0.111615,0.0930887,0.0745667,0.0560481,0.0375317,0.0190165,0.000501342,-0.0180148,-0.0365329,-0.0550542,-0.0735796,-0.0921103,-0.110647,-0.129191,-0.147744,-0.166305,-0.184877,-0.20346,-0.222055,-0.240662,-0.259283,-0.277918,-0.296568,-0.315233,-0.333915,-0.352613,-0.371327,-0.39006,-0.40881,-0.427577,-0.446363,-0.465167,-0.48399,-0.50283,-0.521688,-0.540564,-0.559458,-0.578369,-0.597296,-0.61624,-0.635199,-0.654174,-0.673163,-0.692165,-0.71118,-0.730207,-0.749245,-0.768294,-0.787351,-0.806416,-0.825488,-0.844565,-0.863648,-0.882733,-0.901822,-0.920911,-0.94
0.92,0.901208,0.882419,0.863634,0.844857,0.826087,0.807327,0.788578,0.769842,0.751119,0.732411,0.71372,0.695046,0.676391,0.657755,0.639139,0.620545,0.601972,0.583422,0.564895,0.546391,0.527911,0.509455,0.491023,0.472616,0.454232,0.435872,0.417536,0.399224,0.380934,0.362667,0.344421,0.326197,0.307994,0.28981,0.271645,0.253497,0.235367,0.217252,0.199153,0.181066,0.162992,0.144929,0.126876,0.108831,0.0907938,0.072762,0.0547346,0.0367102,0.0186872,0.000664465,-0.0173596,-0.0353864,-0.0534173,-0.0714538,-0.0894972,-0.107549,-0.12561,-0.143682,-0.161767,-0.179864,-0.197977,-0.216105,-0.23425,-0.252413,-0.270594,-0.288796,-0.307017,-0.32526,-0.343525,-0.361813,-0.380123,-0.398457,-0.416814,-0.435195,-0.453601,-0.47203,-0.490484,-0.508961,-0.527462,-0.545986,-0.564532,-0.583101,-0.601692,-0.620303,-0.638934,-0.657584,-0.676252,-0.694937,-0.713638,-0.732353,-0.751081,-0.769822,-0.788573,-0.807333,-0.8261,-0.844874,-0.863653,-0.882434,-0.901217,-0.92
0.9,0.881514,0.863031,0.844555,0.826087,0.807629,0.789183,0.77075,0.752333,0.733933,0.715552,0.697191,0.678851,0.660535,0.642242,0.623975,0.605734,0.58752,0.569334,0.551176,0.533048,0.514949,0.496879,0.47884,0.46083,0.44285,0.4249,0.40698,0.389088,0.371225,0.353389,0.335581,0.317799,0.300043,0.282311,0.264602,0.246915,0.229249,0.211603,0.193975,0.176364,0.158768,0.141186,0.123616,0.106056,0.0885055,0.070962,0.0534238,0.0358894,0.0183568,0.000824439,-0.0167096,-0.0342469,-0.0517894,-0.0693388,-0.0868967,-0.104465,-0.122045,-0.139639,-0.157247,-0.174873,-0.192516,-0.210179,-0.227863,-0.245569,-0.263298,-0.281052,-0.298831,-0.316637,-0.334469,-0.35233,-0.370219,-0.388136,-0.406084,-0.424061,-0.442067,-0.460104,-0.47817,-0.496266,-0.514391,-0.532545,-0.550727,-0.568936,-0.587172,-0.605434,-0.62372,-0.64203,-0.660362,-0.678715,-0.697088,-0.715479,-0.733886,-0.752308,-0.770743,-0.78919,-0.807645,-0.826109,-0.844578,-0.863051,-0.881525,-0.9
0.88,0.861822,0.843649,0.825483,0.807327,0.789183,0.771053,0.752939,0.734843,0.716768,0.698715,0.680686,0.662682,0.644706,0.626759,0.608841,0.590955,0.5731,0.555279,0.537492,0.519739,0.502021,0.484339,0.466692,0.449081,0.431505,0.413964,0.396458,0.378987,0.361549,0.344145,0.326773,0.309432,0.292121,0.27484,0.257586,0.240358,0.223155,0.205976,0.188818,0.17168,0.15456,0.137457,0.120367,0.103291,0.0862249,0.0691673,0.0521162,0.0350694,0.0180249,0.000980596,-0.0160656,-0.0331158,-0.0501722,-0.0672366,-0.0843113,-0.101398,-0.118499,-0.135616,-0.152751,-0.169906,-0.187083,-0.204282,-0.221507,-0.238757,-0.256036,-0.273343,-0.29068,-0.308049,-0.32545,-0.342885,-0.360353,-0.377855,-0.395393,-0.412965,-0.430573,-0.448217,-0.465895,-0.483609,-0.501358,-0.519141,-0.536957,-0.554806,-0.572686,-0.590597,-0.608537,-0.626506,-0.644501,-0.66252,-0.680563,-0.698628,-0.716712,-0.734813,-0.75293,-0.77106,-0.789202,-0.807353,-0.82551,-0.843672,-0.861836,-0.88
0.86,0.842133,0.824272,0.80642,0.788578,0.77075,0.752939,0.735146,0.717374,0.699626,0.681903,0.664208,0.646543,0.628909,0.611308,0.593742,0.576211,0.558718,0.541263,0.523847,0.506471,0.489135,0.47184,0.454585,0.437372,0.4202,0.403068,0.385977,0.368926,0.351913,0.334939,0.318002,0.301101,0.284234,0.267402,0.250601,0.23383,0.217089,0.200374,0.183684,0.167017,0.150371,0.133744,0.117133,0.100537,0.083953,0.0673788,0.050812,0.0342503,0.0176912,0.00113229,-0.0154288,-0.0319946,-0.0485673,-0.0651495,-0.0817434,-0.0983515,-0.114976,-0.131619,-0.148282,-0.164969,-0.18168,-0.198418,-0.215185,-0.231982,-0.248811,-0.265673,-0.282571,-0.299504,-0.316475,-0.333483,-0.350531,-0.367619,-0.384747,-0.401915,-0.419124,-0.436375,-0.453666,-0.470997,-0.488368,-0.505779,-0.523229,-0.540716,-0.558239,-0.575798,-0.593391,-0.611016,-0.628671,-0.646356,-0.664067,-0.681802,-0.699561,-0.717339,-0.735136,-0.752947,-0.770772,-0.788607,-0.80645,-0.824299,-0.842149,-0.86
0.84,0.822448,0.804902,0.787366,0.769842,0.752333,0.734843,0.717374,0.699929,0.68251,0.665121,0.647762,0.630437,0.613147,0.595895,0.578682,0.561509,0.544378,0.52729,0.510246,0.493247,0.476294,0.459386,0.442525,0.42571,0.408942,0.392219,0.375542,0.358909,0.342321,0.325775,0.309272,0.292809,0.276386,0.26,0.243651,0.227336,0.211053,0.1948,0.178576,0.162377,0.146203,0.130049,0.113914,0.0977958,0.081691,0.0655972,0.0495119,0.0334322,0.0173554,0.0012789,-0.0148001,-0.0308843,-0.0469765,-0.0630793,-0.0791954,-0.0953273,-0.111478,-0.127649,-0.143844,-0.160065,-0.176313,-0.192592,-0.208903,-0.225248,-0.24163,-0.258049,-0.274507,-0.291006,-0.307547,-0.324132,-0.34076,-0.357433,-0.374152,-0.390916,-0.407727,-0.424584,-0.441486,-0.458435,-0.475428,-0.492466,-0.509548,-0.526672,-0.543837,-0.561042,-0.578285,-0.595565,-0.612879,-0.630225,-0.647602,-0.665006,-0.682436,-0.699889,-0.717362,-0.734853,-0.752358,-0.769874,-0.7874,-0.804931,-0.822466,-0.84
0.82,0.802766,0.785539,0.768322,0.751119,0.733933,0.716768,0.699626,0.68251,0.665424,0.64837,0.631351,0.614368,0.597425,0.580523,0.563665,0.546851,0.530084,0.513365,0.496695,0.480074,0.463504,0.446985,0.430517,0.4141,0.397735,0.381421,0.365157,0.348943,0.332777,0.31666,0.300589,0.284563,0.268581,0.25264,0.23674,0.220878,0.205051,0.189259,0.173497,0.157764,0.142058,0.126375,0.110713,0.0950688,0.07944,0.0638234,0.048216,0.032615,0.0170173,0.00141983,-0.0141804,-0.0297865,-0.0454013,-0.061028,-0.0766693,-0.0923283,-0.108008,-0.123711,-0.139439,-0.155197,-0.170985,-0.186807,-0.202665,-0.21856,-0.234496,-0.250473,-0.266495,-0.282561,-0.298674,-0.314835,-0.331044,-0.347304,-0.363614,-0.379974,-0.396386,-0.412849,-0.429363,-0.445928,-0.462542,-0.479206,-0.495919,-0.512678,-0.529483,-0.546333,-0.563224,-0.580156,-0.597126,-0.614133,-0.631172,-0.648243,-0.665342,-0.682466,-0.699612,-0.716778,-0.73396,-0.751155,-0.76836,-0.785571,-0.802786,-0.82
0.8,0.783088,0.766183,0.74929,0.732411,0.715552,0.698715,0.681903,0.665121,0.64837,0.631655,0.614977,0.59834,0.581746,0.565197,0.548696,0.532243,0.515842,0.499492,0.483197,0.466955,0.450769,0.434639,0.418565,0.402547,0.386585,0.370678,0.354827,0.33903,0.323287,0.307596,0.291956,0.276365,0.260822,0.245325,0.229872,0.21446,0.199087,0.183752,0.16845,0.15318,0.137939,0.122723,0.10753,0.0923573,0.0772009,0.0620578,0.046925,0.031799,0.0166766,0.00155453,-0.0135706,-0.0287021,-0.0438432,-0.0589972,-0.0741674,-0.0893568,-0.104569,-0.119806,-0.135072,-0.150369,-0.1657,-0.181067,-0.196474,-0.211923,-0.227415,-0.242953,-0.258538,-0.274173,-0.28986,-0.305598,-0.32139,-0.337236,-0.353138,-0.369095,-0.385108,-0.401177,-0.417301,-0.433481,-0.449716,-0.466005,-0.482347,-0.49874,-0.515183,-0.531675,-0.548213,-0.564795,-0.581418,-0.598082,-0.614781,-0.631515,-0.648279,-0.665071,-0.681888,-0.698725,-0.715581,-0.73245,-0.749331,-0.766218,-0.783109,-0.8
0.78,0.763414,0.746835,0.73027,0.71372,0.697191,0.680686,0.664208,0.647762,0.631351,0.614977,0.598644,0.582356,0.566113,0.54992,0.533778,0.517688,0.501654,0.485677,0.469757,0.453896,0.438095,0.422354,0.406673,0.391054,0.375495,0.359996,0.344557,0.329177,0.313854,0.298589,0.283378,0.26822,0.253114,0.238058,0.223049,0.208085,0.193164,0.178282,0.163437,0.148627,0.133847,0.119095,0.104368,0.0896624,0.0749746,0.0603013,0.045639,0.0309841,0.0163331,0.00168245,-0.0129715,-0.0276324,-0.0423036,-0.0569889,-0.0716915,-0.0864151,-0.101163,-0.115938,-0.130744,-0.145584,-0.160461,-0.175377,-0.190336,-0.205339,-0.22039,-0.235491,-0.250643,-0.265848,-0.281109,-0.296426,-0.311801,-0.327235,-0.342729,-0.358282,-0.373896,-0.389571,-0.405306,-0.421101,-0.436955,-0.452867,-0.468837,-0.484862,-0.500941,-0.517073,-0.533254,-0.549484,-0.565758,-0.582075,-0.598432,-0.614825,-0.631252,-0.647708,-0.664191,-0.680697,-0.697222,-0.713762,-0.730314,-0.746873,-0.763437,-0.78
0.76,0.743744,0.727497,0.711263,0.695046,0.678851,0.662682,0.646543,0.630437,0.614368,0.59834,0.582356,0.566418,0.55053,0.534695,0.518914,0.503191,0.487526,0.471922,0.456379,0.4409,0.425484,0.410133,0.394847,0.379626,0.36447,0.349379,0.334351,0.319386,0.304483,0.289641,0.274858,0.260132,0.245461,0.230843,0.216276,0.201757,0.187283,0.172852,0.158461,0.144106,0.129785,0.115493,0.101228,0.0869854,0.0727621,0.0585544,0.0443584,0.0301705,0.0159866,0.0018031,-0.0123839,-0.0265783,-0.0407839,-0.0550044,-0.0692436,-0.0835052,-0.0977927,-0.11211,-0.12646,-0.140846,-0.155271,-0.169739,-0.184253,-0.198814,-0.213426,-0.228091,-0.242812,-0.25759,-0.272426,-0.287324,-0.302283,-0.317305,-0.332391,-0.347542,-0.362757,-0.378037,-0.393382,-0.40879,-0.424263,-0.439797,-0.455393,-0.471048,-0.486761,-0.502531,-0.518353,-0.534227,-0.550149,-0.566117,-0.582127,-0.598177,-0.614261,-0.630378,-0.646524,-0.662694,-0.678884,-0.695091,-0.71131,-0.727537,-0.743769,-0.76
0.74,0.724079,0.708167,0.69227,0.676391,0.660535,0.644706,0.628909,0.613147,0.597425,0.581746,0.566113,0.55053,0.535,0.519526,0.504109,0.488754,0.47346,0.458231,0.443067,0.427971,0.412942,0.397982,0.38309,0.368268,0.353515,0.33883,0.324213,0.309663,0.295178,0.280758,0.2664,0.252103,0.237865,0.223683,0.209555,0.195478,0.181449,0.167466,0.153524,0.139621,0.125754,0.111918,0.0981107,0.0843273,0.0705642,0.0568177,0.0430836,0.0293581,0.0156369,0.00191604,-0.0118086,-0.025541,-0.0392852,-0.0530454,-0.0668254,-0.0806291,-0.0944604,-0.108323,-0.122221,-0.136157,-0.150134,-0.164157,-0.178228,-0.192351,-0.206527,-0.220759,-0.23505,-0.249402,-0.263816,-0.278295,-0.29284,-0.307451,-0.32213,-0.336878,-0.351694,-0.366579,-0.381533,-0.396554,-0.411643,-0.426799,-0.442019,-0.457302,-0.472647,-0.488051,-0.503513,-0.519028,-0.534595,-0.55021,-0.56587,-0.581572,-0.597311,-0.613084,-0.628888,-0.644718,-0.660569,-0.676438,-0.692319,-0.70821,-0.724105,-0.74
0.72,0.704419,0.688848,0.673292,0.657755,0.642242,0.626759,0.611308,0.595895,0.580523,0.565197,0.54992,0.534695,0.519526,0.504415,0.489366,0.47438,0.45946,0.444608,0.429825,0.415112,0.400471,0.385903,0.371406,0.356983,0.342632,0.328353,0.314146,0.300009,0.285941,0.271941,0.258008,0.244138,0.230329,0.216581,0.202889,0.18925,0.175663,0.162123,0.148628,0.135174,0.121756,0.108372,0.0950179,0.081689,0.0683817,0.0550917,0.0418149,0.028547,0.0152837,0.00202082,-0.011246,-0.0245212,-0.0378088,-0.0511131,-0.0644384,-0.0777887,-0.091168,-0.10458,-0.11803,-0.131519,-0.145053,-0.158634,-0.172266,-0.185952,-0.199695,-0.213497,-0.227361,-0.241288,-0.255282,-0.269344,-0.283475,-0.297676,-0.311949,-0.326294,-0.340711,-0.355201,-0.369763,-0.384397,-0.399101,-0.413876,-0.428719,-0.443628,-0.458602,-0.473639,-0.488736,-0.503889,-0.519097,-0.534356,-0.549662,-0.565012,-0.580402,-0.595828,-0.611285,-0.62677,-0.642278,-0.657804,-0.673344,-0.688893,-0.704446,-0.72
0.7,0.684764,0.669539,0.654329,0.639139,0.623975,0.608841,0.593742,0.578682,0.563665,0.548696,0.533778,0.518914,0.504109,0.489366,0.474686,0.460073,0.445529,0.431056,0.416655,0.402328,0.388076,0.373899,0.359798,0.345774,0.331825,0.317952,0.304154,0.290429,0.276777,0.263196,0.249683,0.236238,0.222857,0.209539,0.19628,0.183077,0.169928,0.156828,0.143775,0.130764,0.117793,0.104856,0.0919506,0.0790717,0.0662152,0.053377,0.0405525,0.0277373,0.014927,0.00211709,-0.010697,-0.0235197,-0.0363555,-0.0492089,-0.0620841,-0.0749855,-0.0879174,-0.100884,-0.113889,-0.126936,-0.14003,-0.153173,-0.166369,-0.179622,-0.192934,-0.206308,-0.219747,-0.233253,-0.246828,-0.260474,-0.274193,-0.287985,-0.301852,-0.315795,-0.329813,-0.343907,-0.358076,-0.372321,-0.38664,-0.401032,-0.415496,-0.430029,-0.44463,-0.459296,-0.474025,-0.488814,-0.50366,-0.518559,-0.533507,-0.548501,-0.563537,-0.578611,-0.593717,-0.608852,-0.624012,-0.63919,-0.654383,-0.669585,-0.684793,-0.7
0.68,0.665115,0.65024,0.635382,0.620545,0.605734,0.590955,0.576211,0.561509,0.546851,0.532243,0.517688,0.503191,0.488754,0.47438,0.460073,0.445836,0.43167,0.417578,0.403561,0.389621,0.375758,0.361974,0.34827,0.334644,0.321097,0.307629,0.294239,0.280925,0.267687,0.254523,0.24143,0.228407,0.215451,0.20256,0.189731,0.17696,0.164245,0.151581,0.138966,0.126396,0.113865,0.101371,0.0889098,0.0764759,0.0640655,0.0516739,0.0392967,0.0269291,0.0145666,0.00220449,-0.010162,-0.0225374,-0.0349264,-0.0473337,-0.0597638,-0.0722212,-0.0847102,-0.0972351,-0.1098,-0.122409,-0.135066,-0.147775,-0.16054,-0.173362,-0.186247,-0.199196,-0.212213,-0.225299,-0.238457,-0.251689,-0.264997,-0.278381,-0.291842,-0.305383,-0.319002,-0.3327,-0.346476,-0.360331,-0.374263,-0.38827,-0.402353,-0.416508,-0.430733,-0.445026,-0.459384,-0.473805,-0.488285,-0.502819,-0.517406,-0.53204,-0.546718,-0.561434,-0.576185,-0.590966,-0.605771,-0.620597,-0.635438,-0.650289,-0.665144,-0.68
0.66,0.645471,0.630953,0.616452,0.601972,0.58752,0.5731,0.558718,0.544378,0.530084,0.515842,0.501654,0.487526,0.47346,0.45946,0.445529,0.43167,0.417885,0.404176,0.390544,0.376992,0.363521,0.350131,0.336823,0.323596,0.310451,0.297388,0.284405,0.271501,0.258675,0.245925,0.23325,0.220647,0.208113,0.195646,0.183244,0.170901,0.158616,0.146385,0.134204,0.122068,0.109975,0.097919,0.0858964,0.0739026,0.061933,0.0499829,0.0380476,0.0261224,0.0142024,0.00228273,-0.00964139,-0.0215748,-0.0335223,-0.0454887,-0.0574787,-0.0694968,-0.0815478,-0.0936359,-0.105765,-0.117941,-0.130166,-0.142444,-0.15478,-0.167176,-0.179636,-0.192163,-0.20476,-0.217429,-0.230172,-0.242991,-0.255889,-0.268866,-0.281923,-0.295061,-0.308281,-0.321582,-0.334965,-0.348429,-0.361972,-0.375594,-0.389293,-0.403067,-0.416913,-0.430831,-0.444815,-0.458864,-0.472974,-0.487141,-0.501361,-0.51563,-0.529945,-0.5443,-0.55869,-0.573111,-0.587558,-0.602026,-0.616509,-0.631003,-0.645501,-0.66
0.64,0.625833,0.611677,0.597538,0.583422,0.569334,0.555279,0.541263,0.52729,0.513365,0.499492,0.485677,0.471922,0.458231,0.444608,0.431056,0.417578,0.404176,0.390852,0.377608,0.364446,0.351367,0.338371,0.32546,0.312632,0.299889,0.28723,0.274653,0.262158,0.249743,0.237406,0.225146,0.21296,0.200845,0.1888,0.17682,0.164902,0.153044,0.141241,0.129489,0.117784,0.106123,0.0944998,0.0829113,0.0713523,0.0598183,0.0483043,0.0368056,0.0253172,0.0138342,0.00235155,-0.0091357,-0.0206325,-0.0321439,-0.0436746,-0.0552297,-0.0668137,-0.0784315,-0.0900876,-0.101786,-0.113532,-0.125329,-0.137181,-0.149092,-0.161065,-0.173104,-0.185211,-0.197391,-0.209644,-0.221975,-0.234383,-0.246872,-0.259443,-0.272096,-0.284833,-0.297653,-0.310558,-0.323546,-0.336617,-0.349771,-0.363005,-0.376318,-0.389709,-0.403174,-0.416712,-0.430319,-0.443993,-0.457729,-0.471524,-0.485373,-0.499274,-0.51322,-0.527209,-0.541233,-0.55529,-0.569372,-0.583477,-0.597597,-0.611728,-0.625864,-0.64
0.62,0.6062,0.592413,0.578642,0.564895,0.551176,0.537492,0.523847,0.510246,0.496695,0.483197,0.469757,0.456379,0.443067,0.429825,0.416655,0.403561,0.390544,0.377608,0.364754,0.351983,0.339297,0.326697,0.314183,0.301755,0.289413,0.277157,0.264985,0.252897,0.240891,0.228966,0.217119,0.205347,0.193649,0.182021,0.170461,0.158965,0.147529,0.136149,0.124822,0.113544,0.102309,0.0911146,0.0799549,0.0688256,0.0577217,0.0466384,0.0355708,0.0245136,0.013462,0.00241074,-0.00864523,-0.019711,-0.0307917,-0.0418922,-0.0530177,-0.0641728,-0.0753625,-0.0865914,-0.097864,-0.109185,-0.120558,-0.131987,-0.143477,-0.155031,-0.166652,-0.178343,-0.190108,-0.201948,-0.213868,-0.225867,-0.237949,-0.250114,-0.262364,-0.274699,-0.287121,-0.299628,-0.312221,-0.324899,-0.337661,-0.350505,-0.363431,-0.376436,-0.389517,-0.402673,-0.415899,-0.429193,-0.442552,-0.45597,-0.469445,-0.482972,-0.496545,-0.510162,-0.523816,-0.537502,-0.551215,-0.56495,-0.578702,-0.592464,-0.606232,-0.62
0.6,0.586574,0.57316,0.559764,0.546391,0.533048,0.519739,0.506471,0.493247,0.480074,0.466955,0.453896,0.4409,0.427971,0.415112,0.402328,0.389621,0.376992,0.364446,0.351983,0.339606,0.327314,0.31511,0.302994,0.290966,0.279025,0.267171,0.255404,0.243722,0.232124,0.220607,0.20917,0.197811,0.186526,0.175313,0.164169,0.153089,0.142072,0.131112,0.120205,0.109348,0.0985359,0.0877641,0.0770281,0.0663229,0.0556437,0.0449855,0.0343432,0.0237117,0.0130857,0.00246014,-0.00817026,-0.0188107,-0.0294662,-0.0401421,-0.0508433,-0.0615748,-0.0723415,-0.0831482,-0.0939995,-0.1049,-0.115853,-0.126865,-0.137937,-0.149075,-0.160281,-0.171559,-0.182912,-0.194342,-0.205853,-0.217445,-0.229121,-0.240882,-0.252729,-0.264663,-0.276685,-0.288794,-0.300991,-0.313274,-0.325643,-0.338097,-0.350632,-0.363249,-0.375943,-0.388713,-0.401555,-0.414467,-0.427443,-0.440481,-0.453577,-0.466725,-0.479921,-0.49316,-0.506438,-0.519748,-0.533087,-0.546447,-0.559824,-0.573212,-0.586606,-0.6
0.58,0.566954,0.55392,0.540903,0.527911,0.514949,0.502021,0.489135,0.476294,0.463504,0.450769,0.438095,0.425484,0.412942,0.400471,0.388076,0.375758,0.363521,0.351367,0.339297,0.327314,0.315419,0.303612,0.291894,0.280265,0.268725,0.257274,0.24591,0.234632,0.22344,0.21233,0.201302,0.190351,0.179477,0.168675,0.157943,0.147277,0.136674,0.126129,0.115638,0.105198,0.0948027,0.0844488,0.074131,0.0638446,0.0535846,0.0433458,0.0331232,0.0229114,0.0127053,0.00249961,-0.00771099,-0.0179318,-0.0281679,-0.0384247,-0.0487072,-0.0590204,-0.0693694,-0.0797589,-0.0901936,-0.100678,-0.111217,-0.121814,-0.132473,-0.143199,-0.153994,-0.164861,-0.175805,-0.186827,-0.197931,-0.209117,-0.220389,-0.231746,-0.243192,-0.254725,-0.266348,-0.278059,-0.289859,-0.301746,-0.313721,-0.325781,-0.337924,-0.35015,-0.362454,-0.374835,-0.38729,-0.399814,-0.412405,-0.425058,-0.437769,-0.450534,-0.463347,-0.476204,-0.4891,-0.50203,-0.514987,-0.527967,-0.540964,-0.553972,-0.566986,-0.58
0.56,0.547339,0.534691,0.522061,0.509455,0.496879,0.484339,0.47184,0.459386,0.446985,0.434639,0.422354,0.410133,0.397982,0.385903,0.373899,0.361974,0.350131,0.338371,0.326697,0.31511,0.303612,0.292203,0.280884,0.269655,0.258515,0.247465,0.236504,0.22563,0.214841,0.204136,0.193514,0.18297,0.172503,0.162109,0.151786,0.141529,0.131336,0.121202,0.111122,0.101093,0.0911104,0.081169,0.0712642,0.061391,0.0515445,0.0417194,0.0319106,0.0221128,0.0123208,0.00252907,-0.00726757,-0.0170745,-0.026897,-0.0367403,-0.0466096,-0.05651,-0.0664465,-0.0764239,-0.0864471,-0.0965205,-0.106649,-0.116836,-0.127086,-0.137403,-0.14779,-0.15825,-0.168788,-0.179404,-0.190103,-0.200886,-0.211754,-0.222709,-0.233753,-0.244887,-0.256109,-0.267422,-0.278824,-0.290315,-0.301893,-0.313558,-0.325307,-0.337139,-0.349051,-0.36104,-0.373103,-0.385237,-0.397437,-0.409701,-0.422023,-0.434399,-0.446825,-0.459295,-0.471804,-0.484346,-0.496917,-0.509511,-0.522122,-0.534744,-0.547372,-0.56
0.54,0.527731,0.515475,0.503237,0.491023,0.47884,0.466692,0.454585,0.442525,0.430517,0.418565,0.406673,0.394847,0.38309,0.371406,0.359798,0.34827,0.336823,0.32546,0.314183,0.302994,0.291894,0.280884,0.269964,0.259135,0.248396,0.237747,0.227187,0.216714,0.206328,0.196026,0.185807,0.175667,0.165604,0.155615,0.145697,0.135846,0.126058,0.11633,0.106657,0.0970349,0.0874591,0.077925,0.0684277,0.0589622,0.0495235,0.0401064,0.0307057,0.021316,0.011932,0.00254848,-0.00684009,-0.016239,-0.0256536,-0.0350891,-0.0445508,-0.0540438,-0.0635731,-0.0731436,-0.0827601,-0.0924272,-0.102149,-0.111931,-0.121776,-0.131687,-0.14167,-0.151727,-0.161861,-0.172074,-0.18237,-0.19275,-0.203217,-0.213772,-0.224415,-0.235148,-0.245971,-0.256885,-0.267888,-0.27898,-0.290161,-0.301429,-0.312781,-0.324217,-0.335733,-0.347327,-0.358995,-0.370734,-0.382541,-0.394411,-0.406339,-0.418322,-0.430355,-0.442432,-0.454548,-0.466698,-0.478877,-0.491079,-0.503298,-0.515528,-0.527764,-0.54
0.52,0.508129,0.496271,0.484431,0.472616,0.46083,0.449081,0.437372,0.42571,0.4141,0.402547,0.391054,0.379626,0.368268,0.356983,0.345774,0.334644,0.323596,0.312632,0.301755,0.290966,0.280265,0.269655,0.259135,0.248705,0.238367,0.228118,0.217958,0.207886,0.197901,0.188,0.178181,0.168442,0.158781,0.149193,0.139676,0.130227,0.120841,0.111514,0.102243,0.0930227,0.0838489,0.0747169,0.0656216,0.0565583,0.0475218,0.0385069,0.0295083,0.0205209,0.0115392,0.00255782,-0.00642854,-0.0154253,-0.0244377,-0.0334712,-0.0425309,-0.0516219,-0.0607493,-0.069918,-0.0791328,-0.0883983,-0.0977189,-0.107099,-0.116542,-0.126053,-0.135635,-0.145291,-0.155024,-0.164837,-0.174732,-0.184712,-0.194778,-0.204933,-0.215176,-0.225509,-0.235933,-0.246447,-0.257051,-0.267744,-0.278525,-0.289394,-0.300348,-0.311384,-0.322502,-0.333697,-0.344966,-0.356307,-0.367715,-0.379187,-0.390717,-0.402302,-0.413936,-0.425615,-0.437334,-0.449086,-0.460867,-0.472671,-0.484492,-0.496324,-0.508162,-0.52
0.5,0.488534,0.477079,0.465644,0.454232,0.44285,0.431505,0.4202,0.408942,0.397735,0.386585,0.375495,0.36447,0.353515,0.342632,0.331825,0.321097,0.310451,0.299889,0.289413,0.279025,0.268725,0.258515,0.248396,0.238367,0.228428,0.218578,0.208818,0.199145,0.189559,0.180057,0.170637,0.161296,0.152033,0.142843,0.133724,0.124672,0.115683,0.106754,0.09788,0.0890568,0.0802799,0.0715445,0.062846,0.0541792,0.0455392,0.0369208,0.0283186,0.0197275,0.0111422,0.00255714,-0.0060329,-0.0146333,-0.0232494,-0.0318865,-0.0405497,-0.0492442,-0.057975,-0.0667471,-0.0755651,-0.0844337,-0.0933573,-0.10234,-0.111386,-0.1205,-0.129684,-0.138942,-0.148277,-0.157692,-0.167189,-0.17677,-0.186438,-0.196193,-0.206037,-0.215971,-0.225994,-0.236108,-0.246312,-0.256605,-0.266986,-0.277453,-0.288006,-0.298641,-0.309356,-0.320149,-0.331017,-0.341955,-0.352961,-0.36403,-0.375157,-0.386339,-0.39757,-0.408846,-0.42016,-0.431509,-0.442886,-0.454286,-0.465703,-0.477132,-0.488566,-0.5
0.48,0.468944,0.4579,0.446874,0.435872,0.4249,0.413964,0.403068,0.392219,0.381421,0.370678,0.359996,0.349379,0.33883,0.328353,0.317952,0.307629,0.297388,0.28723,0.277157,0.267171,0.257274,0.247465,0.237747,0.228118,0.218578,0.209128,0.199766,0.190492,0.181302,0.172197,0.163173,0.154228,0.145359,0.136564,0.127839,0.119181,0.110586,0.102049,0.0935678,0.0851367,0.0767516,0.0684078,0.0601006,0.0518249,0.0435758,0.035348,0.0271365,0.018936,0.0107411,0.00254651,-0.00565305,-0.0138629,-0.0220884,-0.0303347,-0.038607,-0.0469105,-0.05525,-0.0636304,-0.0720566,-0.080533,-0.0890641,-0.0976541,-0.106307,-0.115027,-0.123816,-0.13268,-0.141619,-0.150639,-0.159739,-0.168924,-0.178194,-0.187551,-0.196997,-0.206531,-0.216155,-0.225869,-0.235671,-0.245562,-0.255541,-0.265605,-0.275754,-0.285986,-0.296296,-0.306684,-0.317146,-0.327678,-0.338277,-0.348939,-0.359659,-0.370432,-0.381255,-0.392122,-0.403028,-0.413967,-0.424935,-0.435925,-0.446933,-0.457951,-0.468976,-0.48
0.46,0.44936,0.438732,0.428122,0.417536,0.40698,0.396458,0.385977,0.375542,0.365157,0.354827,0.344557,0.334351,0.324213,0.314146,0.304154,0.294239,0.284405,0.274653,0.264985,0.255404,0.24591,0.236504,0.227187,0.217958,0.208818,0.199766,0.190802,0.181924,0.17313,0.164419,0.155789,0.147237,0.138761,0.130357,0.122022,0.113754,0.105548,0.0973996,0.0893059,0.0812621,0.0732639,0.0653064,0.0573851,0.0494951,0.0416312,0.0337886,0.025962,0.0181462,0.0103359,0.00252604,-0.00528882,-0.0131139,-0.0209544,-0.0288156,-0.0367025,-0.0446202,-0.0525736,-0.0605676,-0.0686067,-0.0766956,-0.0848387,-0.0930399,-0.101303,-0.109633,-0.118032,-0.126504,-0.135051,-0.143677,-0.152383,-0.161173,-0.170047,-0.179007,-0.188055,-0.19719,-0.206414,-0.215727,-0.225128,-0.234616,-0.24419,-0.25385,-0.263593,-0.273418,-0.283321,-0.293301,-0.303353,-0.313475,-0.323663,-0.333913,-0.344221,-0.354582,-0.364991,-0.375444,-0.385936,-0.39646,-0.407013,-0.417588,-0.42818,-0.438783,-0.449392,-0.46
0.44,0.429782,0.419576,0.409388,0.399224,0.389088,0.378987,0.368926,0.358909,0.348943,0.33903,0.329177,0.319386,0.309663,0.300009,0.290429,0.280925,0.271501,0.262158,0.252897,0.243722,0.234632,0.22563,0.216714,0.207886,0.199145,0.190492,0.181924,0.173441,0.165041,0.156723,0.148484,0.140322,0.132235,0.124219,0.116272,0.108389,0.100568,0.092804,0.0850936,0.0774324,0.069816,0.0622399,0.0546993,0.0471894,0.0397054,0.0322422,0.0247948,0.0173581,0.00992685,0.00249588,-0.00493999,-0.0123859,-0.0198471,-0.0273287,-0.0348356,-0.0423728,-0.0499453,-0.0575577,-0.0652147,-0.0729207,-0.08068,-0.0884967,-0.0963747,-0.104318,-0.112329,-0.120412,-0.12857,-0.136805,-0.145119,-0.153515,-0.161995,-0.170559,-0.179209,-0.187946,-0.19677,-0.205681,-0.214679,-0.223764,-0.232933,-0.242186,-0.251521,-0.260937,-0.27043,-0.279997,-0.289637,-0.299345,-0.309118,-0.318953,-0.328843,-0.338787,-0.348778,-0.358812,-0.368883,-0.378988,-0.38912,-0.399274,-0.409445,-0.419626,-0.429813,-0.44
0.42,0.41021,0.400432,0.390672,0.380934,0.371225,0.361549,0.351913,0.342321,0.332777,0.323287,0.313854,0.304483,0.295178,0.285941,0.276777,0.267687,0.258675,0.249743,0.240891,0.232124,0.22344,0.214841,0.206328,0.197901,0.189559,0.181302,0.17313,0.165041,0.157033,0.149106,0.141256,0.133482,0.125781,0.11815,0.110586,0.103086,0.0956455,0.0882616,0.0809301,0.0736468,0.0664074,0.0592075,0.0520424,0.0449075,0.0377979,0.0307088,0.0236351,0.0165718,0.00951385,0.0024562,-0.00460629,-0.0116787,-0.018766,-0.0258734,-0.0330056,-0.0401676,-0.0473642,-0.0546,-0.0618795,-0.069207,-0.0765869,-0.0840231,-0.0915194,-0.0990794,-0.106707,-0.114404,-0.122175,-0.130021,-0.137945,-0.14595,-0.154036,-0.162205,-0.170459,-0.178798,-0.187222,-0.195731,-0.204325,-0.213005,-0.221767,-0.230612,-0.239537,-0.24854,-0.25762,-0.266773,-0.275996,-0.285287,-0.294641,-0.304055,-0.313525,-0.323046,-0.332614,-0.342223,-0.35187,-0.361549,-0.371255,-0.380983,-0.390726,-0.400481,-0.41024,-0.42
0.4,0.390644,0.3813,0.371972,0.362667,0.353389,0.344145,0.334939,0.325775,0.31666,0.307596,0.298589,0.289641,0.280758,0.271941,0.263196,0.254523,0.245925,0.237406,0.228966,0.220607,0.21233,0.204136,0.196026,0.188,0.180057,0.172197,0.164419,0.156723,0.149106,0.141567,0.134104,0.126715,0.119398,0.112148,0.104964,0.0978426,0.0907795,0.0837713,0.0768143,0.0699044,0.0630372,0.0562086,0.0494141,0.0426489,0.0359084,0.0291879,0.0224825,0.0157872,0.00909706,0.00240721,-0.00428737,-0.0109917,-0.0177106,-0.024449,-0.0312118,-0.0380037,-0.0448293,-0.0516932,-0.0585998,-0.0655534,-0.072558,-0.0796176,-0.086736,-0.0939166,-0.101163,-0.108477,-0.115864,-0.123324,-0.13086,-0.138474,-0.146169,-0.153944,-0.161802,-0.169742,-0.177766,-0.185873,-0.194064,-0.202336,-0.21069,-0.219125,-0.227638,-0.236227,-0.244891,-0.253626,-0.26243,-0.271299,-0.280231,-0.28922,-0.298264,-0.307358,-0.316498,-0.325679,-0.334896,-0.344144,-0.353418,-0.362713,-0.372025,-0.381346,-0.390673,-0.4
0.38,0.371083,0.362178,0.353289,0.344421,0.335581,0.326773,0.318002,0.309272,0.300589,0.291956,0.283378,0.274858,0.2664,0.258008,0.249683,0.24143,0.23325,0.225146,0.217119,0.20917,0.201302,0.193514,0.185807,0.178181,0.170637,0.163173,0.155789,0.148484,0.141256,0.134104,0.127026,0.12002,0.113083,0.106212,0.0994049,0.0926581,0.0859683,0.0793318,0.072745,0.066204,0.0597045,0.0532424,0.0468134,0.040413,0.0340365,0.0276794,0.0213369,0.0150042,0.00867658,0.00234917,-0.00398287,-0.0103243,-0.0166801,-0.0230548,-0.0294532,-0.0358799,-0.0423394,-0.0488361,-0.0553743,-0.0619582,-0.0685917,-0.0752787,-0.0820227,-0.0888272,-0.0956954,-0.10263,-0.109634,-0.116711,-0.123861,-0.131087,-0.13839,-0.145772,-0.153235,-0.160777,-0.168401,-0.176106,-0.183891,-0.191757,-0.199701,-0.207723,-0.215822,-0.223994,-0.232239,-0.240554,-0.248935,-0.257379,-0.265884,-0.274446,-0.28306,-0.291723,-0.30043,-0.309176,-0.317958,-0.32677,-0.335608,-0.344466,-0.353339,-0.362223,-0.371112,-0.38
0.36,0.351528,0.343067,0.334622,0.326197,0.317799,0.309432,0.301101,0.292809,0.284563,0.276365,0.26822,0.260132,0.252103,0.244138,0.236238,0.228407,0.220647,0.21296,0.205347,0.197811,0.190351,0.18297,0.175667,0.168442,0.161296,0.154228,0.147237,0.140322,0.133482,0.126715,0.12002,0.113394,0.106835,0.100339,0.0939058,0.0875305,0.0812102,0.0749416,0.0687209,0.0625444,0.0564081,0.0503079,0.0442397,0.038199,0.0321816,0.0261827,0.0201981,0.0142229,0.00825251,0.00228233,-0.00369234,-0.00967616,-0.0156738,-0.0216898,-0.0277287,-0.033795,-0.0398931,-0.0460271,-0.0522014,-0.0584197,-0.0646861,-0.0710041,-0.0773774,-0.0838091,-0.0903024,-0.0968601,-0.103485,-0.110179,-0.116945,-0.123784,-0.130698,-0.137688,-0.144756,-0.151901,-0.159124,-0.166426,-0.173806,-0.181263,-0.188796,-0.196405,-0.204087,-0.211841,-0.219664,-0.227555,-0.23551,-0.243526,-0.251601,-0.25973,-0.26791,-0.276137,-0.284407,-0.292715,-0.301057,-0.309428,-0.317824,-0.32624,-0.33467,-0.34311,-0.351555,-0.36
0.34,0.331978,0.323966,0.31597,0.307994,0.300043,0.292121,0.284234,0.276386,0.268581,0.260822,0.253114,0.245461,0.237865,0.230329,0.222857,0.215451,0.208113,0.200845,0.193649,0.186526,0.179477,0.172503,0.165604,0.158781,0.152033,0.145359,0.138761,0.132235,0.125781,0.119398,0.113083,0.106835,0.100651,0.0945283,0.088465,0.0824578,0.0765035,0.0705989,0.0647403,0.0589242,0.0531467,0.047404,0.0416919,0.0360064,0.030343,0.0246977,0.0190658,0.0134431,0.00782497,0.00220701,-0.00341531,-0.00904646,-0.0146909,-0.0203531,-0.0260373,-0.0317478,-0.037489,-0.0432647,-0.0490792,-0.054936,-0.0608391,-0.0667919,-0.0727977,-0.0788598,-0.0849811,-0.0911643,-0.097412,-0.103726,-0.11011,-0.116564,-0.123089,-0.129688,-0.136362,-0.14311,-0.149933,-0.156831,-0.163804,-0.170852,-0.177973,-0.185166,-0.19243,-0.199762,-0.207162,-0.214626,-0.222152,-0.229737,-0.237378,-0.245071,-0.252813,-0.2606,-0.268428,-0.276293,-0.284191,-0.292116,-0.300066,-0.308034,-0.316016,-0.324008,-0.332004,-0.34
0.32,0.312433,0.304876,0.297333,0.28981,0.282311,0.27484,0.267402,0.26,0.25264,0.245325,0.238058,0.230843,0.223683,0.216581,0.209539,0.20256,0.195646,0.1888,0.182021,0.175313,0.168675,0.162109,0.155615,0.149193,0.142843,0.136564,0.130357,0.124219,0.11815,0.112148,0.106212,0.100339,0.0945283,0.088776,0.0830802,0.0774379,0.0718462,0.0663019,0.0608016,0.0553419,0.0499191,0.0445295,0.0391691,0.0338341,0.0285203,0.0232236,0.0179399,0.0126648,0.00739411,0.00212352,-0.00315126,-0.00843451,-0.0137305,-0.0190435,-0.0243775,-0.0297368,-0.0351254,-0.0405471,-0.0460057,-0.051505,-0.0570484,-0.0626394,-0.0682811,-0.0739766,-0.0797287,-0.08554,-0.091413,-0.0973497,-0.103352,-0.109422,-0.115561,-0.12177,-0.128049,-0.1344,-0.140823,-0.147317,-0.153884,-0.160521,-0.167228,-0.174004,-0.180848,-0.187757,-0.19473,-0.201765,-0.208859,-0.216009,-0.223213,-0.230466,-0.237767,-0.24511,-0.252492,-0.25991,-0.267358,-0.274833,-0.282331,-0.289847,-0.297376,-0.304915,-0.312457,-0.32
0.3,0.292893,0.285795,0.27871,0.271645,0.264602,0.257586,0.250601,0.243651,0.23674,0.229872,0.223049,0.216276,0.209555,0.202889,0.19628,0.189731,0.183244,0.17682,0.170461,0.164169,0.157943,0.151786,0.145697,0.139676,0.133724,0.127839,0.122022,0.116272,0.110586,0.104964,0.0994049,0.0939058,0.088465,0.0830802,0.0777489,0.0724685,0.067236,0.0620486,0.0569029,0.0517958,0.0467237,0.041683,0.0366702,0.0316813,0.0267127,0.0217602,0.01682,0.0118879,0.00696004,0.00203222,-0.00289963,-0.00783955,-0.0127916,-0.0177598,-0.0227481,-0.0277604,-0.0328005,-0.0378722,-0.0429789,-0.0481243,-0.0533116,-0.0585441,-0.0638248,-0.0691567,-0.0745422,-0.0799841,-0.0854844,-0.0910454,-0.0966688,-0.102356,-0.108109,-0.113928,-0.119814,-0.125769,-0.131791,-0.137882,-0.14404,-0.150266,-0.156558,-0.162916,-0.169337,-0.175821,-0.182366,-0.188969,-0.195628,-0.202341,-0.209104,-0.215914,-0.222769,-0.229664,-0.236597,-0.243562,-0.250558,-0.257578,-0.26462,-0.271679,-0.278751,-0.285831,-0.292916,-0.3
0.28,0.273357,0.266723,0.260101,0.253497,0.246915,0.240358,0.23383,0.227336,0.220878,0.21446,0.208085,0.201757,0.195478,0.18925,0.183077,0.17696,0.170901,0.164902,0.158965,0.153089,0.147277,0.141529,0.135846,0.130227,0.124672,0.119181,0.113754,0.108389,0.103086,0.0978426,0.0926581,0.0875305,0.0824578,0.0774379,0.0724685,0.0675469,0.0626706,0.0578368,0.0530423,0.048284,0.0435588,0.0388633,0.0341939,0.0295471,0.0249193,0.0203068,0.0157057,0.0111124,0.00652291,0.00193346,-0.00265981,-0.00726076,-0.0118732,-0.0165009,-0.0211476,-0.0258169,-0.0305125,-0.0352379,-0.0399965,-0.0447914,-0.049626,-0.0545032,-0.0594259,-0.0643968,-0.0694184,-0.0744931,-0.0796229,-0.0848099,-0.0900558,-0.095362,-0.10073,-0.10616,-0.111654,-0.117212,-0.122834,-0.12852,-0.13427,-0.140083,-0.145959,-0.151897,-0.157895,-0.163952,-0.170066,-0.176234,-0.182456,-0.188728,-0.195047,-0.201411,-0.207817,-0.214261,-0.22074,-0.22725,-0.233788,-0.240349,-0.246931,-0.253529,-0.260139,-0.266757,-0.273378,-0.28
0.26,0.253825,0.247659,0.241505,0.235367,0.229249,0.223155,0.217089,0.211053,0.205051,0.199087,0.193164,0.187283,0.181449,0.175663,0.169928,0.164245,0.158616,0.153044,0.147529,0.142072,0.136674,0.131336,0.126058,0.120841,0.115683,0.110586,0.105548,0.100568,0.0956455,0.0907795,0.0859683,0.0812102,0.0765035,0.0718462,0.067236,0.0626706,0.0581476,0.0536641,0.0492175,0.0448047,0.0404229,0.0360687,0.031739,0.0274303,0.0231394,0.0188628,0.0145969,0.0103381,0.00608288,0.00182766,-0.00243118,-0.00669725,-0.0109741,-0.0152653,-0.0195743,-0.0239045,-0.0282594,-0.0326421,-0.0370559,-0.0415038,-0.0459888,-0.0505137,-0.0550812,-0.0596937,-0.0643538,-0.0690635,-0.0738248,-0.0786395,-0.0835093,-0.0884355,-0.0934194,-0.0984617,-0.103563,-0.108725,-0.113946,-0.119227,-0.124569,-0.129969,-0.135428,-0.140944,-0.146517,-0.152145,-0.157826,-0.163558,-0.169339,-0.175168,-0.181041,-0.186955,-0.192908,-0.198897,-0.204919,-0.21097,-0.217047,-0.223145,-0.229263,-0.235396,-0.241539,-0.247691,-0.253845,-0.26
0.24,0.234298,0.228604,0.22292,0.217252,0.211603,0.205976,0.200374,0.1948,0.189259,0.183752,0.178282,0.172852,0.167466,0.162123,0.156828,0.151581,0.146385,0.141241,0.136149,0.131112,0.126129,0.121202,0.11633,0.111514,0.106754,0.102049,0.0973996,0.092804,0.0882616,0.0837713,0.0793318,0.0749416,0.0705989,0.0663019,0.0620486,0.0578368,0.0536641,0.0495281,0.0454263,0.0413558,0.0373139,0.0332977,0.029304,0.0253299,0.0213722,0.0174276,0.013493,0.0095649,0.00564009,0.00171522,-0.00221307,-0.0061481,-0.0100932,-0.0140516,-0.0180266,-0.0220213,-0.0260388,-0.0300823,-0.0341546,-0.0382586,-0.0423969,-0.0465723,-0.0507872,-0.0550439,-0.0593446,-0.0636914,-0.068086,-0.0725301,-0.0770253,-0.0815727,-0.0861735,-0.0908285,-0.0955384,-0.100304,-0.105124,-0.110001,-0.114932,-0.119919,-0.124959,-0.130053,-0.135199,-0.140396,-0.145642,-0.150936,-0.156275,-0.161657,-0.167081,-0.172543,-0.17804,-0.183571,-0.189132,-0.19472,-0.200332,-0.205965,-0.211615,-0.217278,-0.222952,-0.228632,-0.234316,-0.24
0.22,0.214774,0.209555,0.204347,0.199153,0.193975,0.188818,0.183684,0.178576,0.173497,0.16845,0.163437,0.158461,0.153524,0.148628,0.143775,0.138966,0.134204,0.129489,0.124822,0.120205,0.115638,0.111122,0.106657,0.102243,0.09788,0.0935678,0.0893059,0.0850936,0.0809301,0.0768143,0.072745,0.0687209,0.0647403,0.0608016,0.0569029,0.0530423,0.0492175,0.0454263,0.0416664,0.0379352,0.0342301,0.0305485,0.0268877,0.0232447,0.0196167,0.0160007,0.0123937,0.00879274,0.00519471,0.00159656,-0.00200477,-0.00561234,-0.00922918,-0.0128583,-0.0165027,-0.0201652,-0.0238487,-0.0275561,-0.0312899,-0.0350528,-0.0388473,-0.0426758,-0.0465405,-0.0504436,-0.0543871,-0.0583728,-0.0624024,-0.0664775,-0.0705992,-0.074769,-0.0789876,-0.0832559,-0.0875745,-0.0919437,-0.0963639,-0.100835,-0.105356,-0.109928,-0.11455,-0.11922,-0.123938,-0.128702,-0.133511,-0.138364,-0.143259,-0.148193,-0.153164,-0.158171,-0.163211,-0.16828,-0.173378,-0.1785,-0.183643,-0.188806,-0.193984,-0.199175,-0.204375,-0.209581,-0.214791,-0.22
0.2,0.195254,0.190514,0.185784,0.181066,0.176364,0.17168,0.167017,0.162377,0.157764,0.15318,0.148627,0.144106,0.139621,0.135174,0.130764,0.126396,0.122068,0.117784,0.113544,0.109348,0.105198,0.101093,0.0970349,0.0930227,0.0890568,0.0851367,0.0812621,0.0774324,0.0736468,0.0699044,0.066204,0.0625444,0.0589242,0.0553419,0.0517958,0.048284,0.0448047,0.0413558,0.0379352,0.0345405,0.0311694,0.0278196,0.0244884,0.0211734,0.0178719,0.0145812,0.0112987,0.00802147,0.00474689,0.00147214,-0.00180556,-0.00508896,-0.00838082,-0.0116839,-0.0150008,-0.0183342,-0.0216867,-0.0250608,-0.0284589,-0.0318834,-0.0353366,-0.0388206,-0.0423374,-0.0458891,-0.0494773,-0.0531037,-0.0567698,-0.0604771,-0.0642267,-0.0680197,-0.0718569,-0.0757391,-0.0796668,-0.0836402,-0.0876597,-0.0917251,-0.0958363,-0.0999928,-0.104194,-0.108439,-0.112728,-0.117058,-0.121429,-0.125839,-0.130287,-0.134771,-0.139288,-0.143837,-0.148416,-0.153021,-0.157652,-0.162305,-0.166977,-0.171667,-0.17637,-0.181085,-0.185808,-0.190537,-0.195269,-0.2
