1,0.979798,0.959596,0.939394,0.919192,0.89899,0.878788,0.858586,0.838384,0.818182,0.79798,0.777778,0.757576,0.737374,0.717172,0.69697,0.676768,0.656566,0.636364,0.616162,0.59596,0.575758,0.555556,0.535354,0.515152,0.494949,0.474747,0.454545,0.434343,0.414141,0.393939,0.373737,0.353535,0.333333,0.313131,0.292929,0.272727,0.252525,0.232323,0.212121,0.191919,0.171717,0.151515,0.131313,0.111111,0.0909091,0.0707071,0.0505051,0.030303,0.010101,-0.010101,-0.030303,-0.0505051,-0.0707071,-0.0909091,-0.111111,-0.131313,-0.151515,-0.171717,-0.191919,-0.212121,-0.232323,-0.252525,-0.272727,-0.292929,-0.313131,-0.333333,-0.353535,-0.373737,-0.393939,-0.414141,-0.434343,-0.454545,-0.474747,-0.494949,-0.515152,-0.535354,-0.555556,-0.575758,-0.59596,-0.616162,-0.636364,-0.656566,-0.676768,-0.69697,-0.717172,-0.737374,-0.757576,-0.777778,-0.79798,-0.818182,-0.838384,-0.858586,-0.878788,-0.89899,-0.919192,-0.939394,-0.959596,-0.979798,-1,0.245196
0.979798,0.958717,0.937656,0.916623,0.895628,0.874679,0.853784,0.832948,0.812178,0.79148,0.770856,0.750312,0.729847,0.709465,0.689166,0.668948,0.648813,0.628757,0.608779,0.588876,0.569045,0.549283,0.529585,0.509948,0.490368,0.470841,0.451363,0.431929,0.412536,0.393181,0.373859,0.354567,0.335302,0.316061,0.296842,0.277641,0.258457,0.239287,0.220129,0.200983,0.181845,0.162716,0.143593,0.124477,0.105364,0.0862564,0.0671516,0.0480494,0.0289493,0.00985075,-0.00924681,-0.0283438,-0.0474408,-0.0665383,-0.0856369,-0.104737,-0.12384,-0.142945,-0.162055,-0.18117,-0.200292,-0.219421,-0.23856,-0.257711,-0.276875,-0.296055,-0.315254,-0.334475,-0.353721,-0.372996,-0.392304,-0.411648,-0.431033,-0.450464,-0.469945,-0.489482,-0.509078,-0.528737,-0.548466,-0.568267,-0.588144,-0.608101,-0.628139,-0.648262,-0.668469,-0.688762,-0.709139,-0.7296,-0.750141,-0.77076,-0.791451,-0.812209,-0.833028,-0.853902,-0.874821,-0.895778,-0.916763,-0.937768,-0.958783,-0.979798,0.245196
0.959596,0.937656,0.915754,0.89391,0.87214,0.850461,0.828887,0.807433,0.78611,0.764927,0.743893,0.723015,0.702297,0.681742,0.661351,0.641123,0.621057,0.60115,0.581397,0.561793,0.542332,0.523006,0.50381,0.484734,0.465772,0.446915,0.428154,0.409483,0.390893,0.372378,0.353929,0.33554,0.317205,0.298917,0.280673,0.262465,0.244291,0.226145,0.208024,0.189925,0.171844,0.153779,0.135728,0.117688,0.0996579,0.0816357,0.06362,0.0456096,0.0276034,0.00960015,-0.00840104,-0.0264012,-0.0444013,-0.0624023,-0.0804055,-0.0984121,-0.116423,-0.134441,-0.152467,-0.170503,-0.188553,-0.206618,-0.224702,-0.242809,-0.260943,-0.27911,-0.297314,-0.315562,-0.33386,-0.352215,-0.370635,-0.389129,-0.407704,-0.42637,-0.445136,-0.464012,-0.483006,-0.502127,-0.521385,-0.540786,-0.560339,-0.58005,-0.599923,-0.619963,-0.640172,-0.660549,-0.681095,-0.701806,-0.722677,-0.7437,-0.764868,-0.786169,-0.807591,-0.82912,-0.85074,-0.872435,-0.894186,-0.915976,-0.937786,-0.959596,0.245196
0.939394,0.916623,0.89391,0.871281,0.848762,0.826378,0.804151,0.7821,0.760244,0.738596,0.717169,0.695973,0.675015,0.654298,0.633824,0.613593,0.593603,0.573847,0.554321,0.535017,0.515924,0.497034,0.478335,0.459817,0.441466,0.423271,0.405221,0.387304,0.369508,0.351822,0.334235,0.316739,0.299322,0.281977,0.264695,0.247469,0.230292,0.213157,0.19606,0.178996,0.161959,0.144945,0.127952,0.110977,0.0940151,0.0770657,0.060126,0.0431943,0.0262687,0.00934774,-0.00757022,-0.0244866,-0.0414029,-0.0583207,-0.0752417,-0.0921677,-0.109101,-0.126044,-0.142999,-0.159969,-0.17696,-0.193973,-0.211016,-0.228092,-0.245209,-0.262375,-0.279596,-0.296883,-0.314244,-0.331691,-0.349234,-0.366887,-0.384662,-0.402572,-0.420631,-0.438852,-0.45725,-0.475837,-0.494627,-0.51363,-0.532859,-0.552322,-0.572026,-0.591977,-0.612179,-0.632633,-0.653336,-0.674283,-0.695468,-0.71688,-0.738505,-0.760329,-0.782332,-0.804493,-0.826789,-0.849196,-0.871688,-0.894237,-0.916815,-0.939394,0.245196
0.919192,0.895628,0.87214,0.848762,0.82553,0.802474,0.779624,0.757007,0.734644,0.712556,0.690759,0.669265,0.648084,0.62722,0.606677,0.586453,0.566546,0.546949,0.527653,0.508649,0.489925,0.471467,0.453262,0.435293,0.417547,0.400007,0.382657,0.365482,0.348468,0.331599,0.314861,0.298242,0.281729,0.26531,0.248975,0.232714,0.216518,0.200379,0.184288,0.168241,0.15223,0.136251,0.120299,0.104369,0.0884588,0.0725642,0.0566827,0.0408117,0.0249489,0.00909219,-0.00676051,-0.0226111,-0.0384617,-0.0543142,-0.0701709,-0.0860344,-0.101907,-0.117793,-0.133695,-0.149618,-0.165567,-0.181546,-0.197564,-0.213627,-0.229745,-0.245925,-0.26218,-0.278521,-0.294961,-0.311514,-0.328195,-0.345021,-0.362007,-0.379172,-0.396533,-0.414108,-0.431916,-0.449974,-0.468298,-0.486905,-0.505808,-0.52502,-0.544549,-0.564405,-0.58459,-0.605105,-0.62595,-0.647116,-0.668594,-0.690372,-0.71243,-0.734749,-0.757304,-0.780067,-0.803008,-0.826095,-0.849293,-0.872567,-0.895878,-0.919192,0.245196
0.89899,0.874679,0.850461,0.826378,0.802474,0.778787,0.755353,0.732204,0.709369,0.686872,0.664732,0.642966,0.621583,0.600592,0.579996,0.559792,0.539978,0.520546,0.501486,0.482784,0.464428,0.4464,0.428683,0.411258,0.394107,0.377211,0.360549,0.344104,0.327856,0.311789,0.295883,0.280124,0.264496,0.248985,0.233578,0.218262,0.203026,0.18786,0.172756,0.157704,0.142698,0.127731,0.112797,0.097892,0.0830103,0.0681483,0.0533026,0.0384699,0.0236473,0.00883235,-0.00597762,-0.020785,-0.0355923,-0.0504021,-0.0652172,-0.0800405,-0.0948758,-0.109727,-0.124598,-0.139495,-0.154424,-0.169392,-0.184407,-0.199478,-0.214616,-0.229833,-0.245142,-0.260556,-0.276094,-0.291771,-0.307606,-0.323619,-0.339831,-0.356264,-0.372939,-0.389878,-0.407104,-0.424638,-0.4425,-0.460711,-0.479287,-0.498242,-0.51759,-0.537339,-0.557493,-0.578055,-0.599021,-0.620383,-0.64213,-0.664245,-0.686706,-0.709487,-0.732558,-0.755886,-0.779434,-0.80316,-0.827024,-0.85098,-0.874984,-0.89899,0.245196
0.878788,0.853784,0.828887,0.804151,0.779624,0.755353,0.731379,0.707742,0.684474,0.661603,0.639154,0.617144,0.595587,0.57449,0.553859,0.533691,0.513983,0.494725,0.475905,0.457509,0.43952,0.421919,0.404685,0.387797,0.371231,0.354967,0.33898,0.323249,0.307751,0.292466,0.277373,0.262454,0.24769,0.233064,0.218561,0.204166,0.189866,0.17565,0.161506,0.147425,0.133398,0.119417,0.105476,0.0915688,0.0776896,0.0638338,0.0499972,0.0361762,0.0223673,0.00856728,-0.00522672,-0.0190177,-0.0328085,-0.0466023,-0.0604023,-0.0742123,-0.0880363,-0.101879,-0.115746,-0.129644,-0.143579,-0.157561,-0.171599,-0.185703,-0.199886,-0.214163,-0.228549,-0.24306,-0.257717,-0.272539,-0.287548,-0.302767,-0.318222,-0.333937,-0.349938,-0.366252,-0.382905,-0.399921,-0.417325,-0.43514,-0.453386,-0.47208,-0.491236,-0.510865,-0.530974,-0.551562,-0.572627,-0.594159,-0.616145,-0.638564,-0.661391,-0.684596,-0.708143,-0.731992,-0.7561,-0.78042,-0.804901,-0.829491,-0.854138,-0.878788,0.245196
0.858586,0.832948,0.807433,0.7821,0.757007,0.732204,0.707742,0.683663,0.660006,0.636803,0.614081,0.591861,0.570158,0.548983,0.528338,0.508224,0.488635,0.469562,0.45099,0.432903,0.415282,0.398104,0.381347,0.364986,0.348996,0.33335,0.318022,0.302987,0.288221,0.273698,0.259397,0.245294,0.231369,0.217603,0.203978,0.190478,0.177087,0.163792,0.15058,0.13744,0.124363,0.11134,0.0983614,0.0854219,0.072515,0.0596351,0.0467774,0.0339376,0.0211118,0.00829629,-0.0045123,-0.0173174,-0.0301223,-0.0429306,-0.0557462,-0.0685733,-0.0814166,-0.0942815,-0.107174,-0.120103,-0.133074,-0.146099,-0.159188,-0.172354,-0.185611,-0.198975,-0.212464,-0.226098,-0.239899,-0.253889,-0.268094,-0.28254,-0.297256,-0.31227,-0.327613,-0.343314,-0.359402,-0.375907,-0.392856,-0.410276,-0.428188,-0.446613,-0.465568,-0.485064,-0.505107,-0.525699,-0.546837,-0.568509,-0.590699,-0.613385,-0.636538,-0.660123,-0.684099,-0.70842,-0.733038,-0.757898,-0.782943,-0.808113,-0.833347,-0.858586,0.245196
0.838384,0.812178,0.78611,0.760244,0.734644,0.709369,0.684474,0.660006,0.636008,0.612518,0.589564,0.567171,0.545356,0.524129,0.503496,0.483456,0.464003,0.445125,0.426809,0.409035,0.391781,0.375025,0.358739,0.342897,0.327469,0.312426,0.297741,0.283385,0.269328,0.255545,0.24201,0.228698,0.215586,0.202652,0.189877,0.177241,0.164729,0.152324,0.140013,0.127783,0.115623,0.103524,0.0914757,0.079471,0.0675029,0.0555653,0.0436528,0.0317605,0.0198839,0.00801895,-0.00383821,-0.0156914,-0.0275444,-0.0394013,-0.0512664,-0.0631443,-0.0750406,-0.0869613,-0.0989134,-0.110905,-0.122946,-0.135047,-0.147219,-0.159479,-0.17184,-0.184322,-0.196944,-0.209729,-0.2227,-0.235884,-0.249309,-0.263005,-0.277003,-0.291335,-0.306034,-0.321134,-0.336669,-0.35267,-0.369167,-0.386191,-0.403766,-0.421915,-0.440656,-0.460001,-0.479959,-0.500531,-0.521712,-0.543491,-0.565849,-0.588761,-0.612194,-0.63611,-0.660464,-0.685204,-0.710275,-0.735617,-0.761166,-0.786855,-0.812617,-0.838384,0.245196
0.818182,0.79148,0.764927,0.738596,0.712556,0.686872,0.661603,0.636803,0.612518,0.588788,0.565648,0.543122,0.521229,0.499983,0.479387,0.459442,0.440141,0.421473,0.403421,0.385964,0.36908,0.352742,0.33692,0.321586,0.306709,0.292255,0.278194,0.264495,0.251127,0.238059,0.225265,0.212716,0.200388,0.188256,0.176299,0.164496,0.152829,0.141281,0.129837,0.118482,0.107204,0.0959935,0.0848393,0.0737334,0.0626679,0.0516362,0.0406322,0.0296506,0.0186864,0.00773512,-0.00320754,-0.0141458,-0.0250839,-0.0360262,-0.0469776,-0.0579433,-0.0689292,-0.0799421,-0.0909898,-0.102081,-0.113227,-0.124439,-0.13573,-0.147117,-0.158616,-0.170249,-0.182036,-0.194002,-0.206173,-0.218579,-0.23125,-0.244219,-0.257521,-0.27119,-0.285263,-0.299777,-0.314768,-0.330272,-0.346322,-0.36295,-0.380184,-0.398047,-0.416561,-0.435739,-0.455589,-0.476113,-0.497306,-0.519155,-0.54164,-0.564733,-0.588398,-0.612594,-0.63727,-0.66237,-0.687834,-0.713596,-0.739585,-0.765728,-0.791952,-0.818182,0.245196
0.79798,0.770856,0.743893,0.717169,0.690759,0.664732,0.639154,0.614081,0.589564,0.565648,0.542367,0.51975,0.497819,0.476585,0.456055,0.436229,0.4171,0.398654,0.380875,0.363742,0.347227,0.331304,0.315941,0.301106,0.286765,0.272884,0.259429,0.246366,0.233661,0.221284,0.209202,0.197388,0.185813,0.174451,0.163279,0.152275,0.141419,0.130692,0.120077,0.10956,0.0991278,0.0887678,0.0784696,0.0682239,0.0580224,0.0478576,0.0377231,0.027613,0.0175219,0.00744494,-0.00262264,-0.0126854,-0.022748,-0.0328152,-0.0428922,-0.0529848,-0.0630995,-0.0732435,-0.0834255,-0.0936551,-0.103944,-0.114304,-0.124751,-0.135302,-0.145975,-0.156793,-0.167779,-0.178958,-0.190362,-0.202019,-0.213964,-0.226232,-0.23886,-0.251887,-0.265352,-0.279294,-0.293753,-0.308768,-0.324374,-0.340605,-0.357492,-0.375061,-0.393333,-0.412324,-0.432042,-0.45249,-0.473661,-0.495543,-0.518111,-0.541338,-0.565184,-0.589604,-0.614544,-0.639943,-0.665735,-0.69185,-0.718211,-0.74474,-0.771357,-0.79798,0.245196
0.777778,0.750312,0.723015,0.695973,0.669265,0.642966,0.617144,0.591861,0.567171,0.543122,0.51975,0.497088,0.475157,0.453971,0.433536,0.413853,0.394915,0.376707,0.359212,0.342406,0.326263,0.310752,0.295841,0.281494,0.267677,0.254351,0.241482,0.229033,0.216968,0.205254,0.193857,0.182746,0.171892,0.161267,0.150846,0.140605,0.130522,0.120579,0.110756,0.101039,0.0914119,0.081863,0.0723807,0.0629548,0.0535766,0.0442379,0.0349319,0.0256521,0.0163929,0.00714882,-0.00208508,-0.0113138,-0.0205422,-0.0297757,-0.0390197,-0.0482805,-0.057565,-0.0668812,-0.0762381,-0.0856462,-0.0951176,-0.104666,-0.114308,-0.124061,-0.133946,-0.143985,-0.154205,-0.164632,-0.1753,-0.186239,-0.197487,-0.20908,-0.22106,-0.233466,-0.246341,-0.259727,-0.273666,-0.288198,-0.303363,-0.319197,-0.335732,-0.352997,-0.371013,-0.389797,-0.409358,-0.4297,-0.450814,-0.472687,-0.495295,-0.518606,-0.542579,-0.567165,-0.592306,-0.617939,-0.643993,-0.670392,-0.697054,-0.723896,-0.750833,-0.777778,0.245196
0.757576,0.729847,0.702297,0.675015,0.648084,0.621583,0.595587,0.570158,0.545356,0.521229,0.497819,0.475157,0.453267,0.432164,0.411856,0.392342,0.373615,0.35566,0.33846,0.321988,0.306218,0.291117,0.27665,0.262782,0.249474,0.236687,0.224384,0.212526,0.201075,0.189996,0.179254,0.168815,0.158649,0.148727,0.139021,0.129506,0.120159,0.11096,0.10189,0.0929321,0.0840704,0.0752915,0.0665836,0.0579358,0.0493387,0.0407838,0.0322637,0.0237716,0.0153014,0.00684743,-0.00159572,-0.0100333,-0.0184706,-0.0269132,-0.0353671,-0.0438388,-0.0523358,-0.0608664,-0.0694403,-0.0780687,-0.0867644,-0.0955422,-0.104419,-0.113414,-0.122548,-0.131847,-0.141337,-0.151048,-0.161013,-0.171267,-0.181847,-0.192794,-0.204149,-0.215957,-0.228261,-0.241106,-0.254536,-0.268595,-0.283323,-0.298759,-0.314936,-0.331885,-0.349629,-0.368186,-0.387565,-0.407768,-0.428789,-0.450612,-0.473213,-0.496557,-0.520601,-0.545294,-0.570574,-0.596374,-0.62262,-0.649231,-0.676121,-0.703203,-0.730385,-0.757576,0.245196
0.737374,0.709465,0.681742,0.654298,0.62722,0.600592,0.57449,0.548983,0.524129,0.499983,0.476585,0.453971,0.432164,0.411182,0.391031,0.371712,0.353217,0.335533,0.318638,0.302507,0.287112,0.272418,0.258389,0.244989,0.232176,0.219911,0.208153,0.196863,0.186001,0.175529,0.165412,0.155614,0.146102,0.136846,0.127818,0.118992,0.110343,0.101849,0.0934916,0.0852516,0.0771133,0.0690625,0.0610864,0.0531739,0.0453148,0.0375004,0.0297226,0.0219745,0.0142495,0.00654167,-0.00115471,-0.00884518,-0.0165354,-0.0242311,-0.0319387,-0.0396651,-0.0474181,-0.0552066,-0.0630407,-0.0709322,-0.0788946,-0.0869433,-0.0950963,-0.103373,-0.111798,-0.120395,-0.129193,-0.138223,-0.14752,-0.15712,-0.167063,-0.177391,-0.188148,-0.199379,-0.211132,-0.223451,-0.236385,-0.249978,-0.264273,-0.279309,-0.295124,-0.311747,-0.329203,-0.347511,-0.36668,-0.386714,-0.407604,-0.429335,-0.451881,-0.475206,-0.499264,-0.524002,-0.549357,-0.575257,-0.601623,-0.628373,-0.655417,-0.682661,-0.710012,-0.737374,0.245196
0.717172,0.689166,0.661351,0.633824,0.606677,0.579996,0.553859,0.528338,0.503496,0.479387,0.456055,0.433536,0.411856,0.391031,0.37107,0.351973,0.333733,0.316334,0.299756,0.283973,0.268954,0.254665,0.241069,0.228125,0.215794,0.204033,0.192801,0.182055,0.171756,0.161863,0.15234,0.14315,0.134259,0.125635,0.117248,0.109072,0.101082,0.0932534,0.0855669,0.0780036,0.0705467,0.0631813,0.0558942,0.0486735,0.0415089,0.0343909,0.0273115,0.020263,0.0132388,0.00623263,-0.000761539,-0.00774949,-0.0147371,-0.0217305,-0.0287363,-0.0357618,-0.042815,-0.0499053,-0.0570433,-0.0642413,-0.0715132,-0.0788754,-0.0863463,-0.0939469,-0.101701,-0.109635,-0.117779,-0.126164,-0.134828,-0.143807,-0.153144,-0.162882,-0.173066,-0.183744,-0.194964,-0.206774,-0.219224,-0.232359,-0.246224,-0.26086,-0.276305,-0.292591,-0.309743,-0.327781,-0.346714,-0.366546,-0.387268,-0.408864,-0.431306,-0.454559,-0.478575,-0.503297,-0.52866,-0.55459,-0.581007,-0.607822,-0.634943,-0.662275,-0.689717,-0.717172,0.245196
0.69697,0.668948,0.641123,0.613593,0.586453,0.559792,0.533691,0.508224,0.483456,0.459442,0.436229,0.413853,0.392342,0.371712,0.351973,0.333125,0.31516,0.298064,0.281815,0.266386,0.251746,0.23786,0.22469,0.212194,0.20033,0.189056,0.178329,0.168105,0.158343,0.149001,0.140042,0.131428,0.123123,0.115095,0.107313,0.0997495,0.092378,0.0851749,0.078119,0.0711908,0.0643732,0.0576506,0.0510092,0.0444369,0.0379229,0.0314574,0.0250319,0.0186387,0.0122708,0.00592157,-0.0004151,-0.00674528,-0.0130751,-0.0194109,-0.0257595,-0.0321285,-0.0385263,-0.0449626,-0.0514483,-0.0579962,-0.0646208,-0.0713389,-0.0781696,-0.0851347,-0.0922586,-0.0995689,-0.107096,-0.114874,-0.122939,-0.13133,-0.140092,-0.149267,-0.158904,-0.169051,-0.179759,-0.191076,-0.203053,-0.215738,-0.229176,-0.243412,-0.258482,-0.274419,-0.291251,-0.308997,-0.327667,-0.347264,-0.36778,-0.389198,-0.41149,-0.434618,-0.458533,-0.483178,-0.508484,-0.534377,-0.560771,-0.587578,-0.614701,-0.642042,-0.669499,-0.69697,0.245196
0.676768,0.648813,0.621057,0.593603,0.566546,0.539978,0.513983,0.488635,0.464003,0.440141,0.4171,0.394915,0.373615,0.353217,0.333733,0.31516,0.297493,0.280716,0.264807,0.24974,0.235482,0.221997,0.209246,0.197188,0.185779,0.174975,0.164732,0.155007,0.145756,0.136938,0.128513,0.120443,0.112691,0.105224,0.0980102,0.0910211,0.0842298,0.0776122,0.0711462,0.064812,0.0585917,0.0524694,0.046431,0.0404639,0.0345569,0.0287001,0.0228846,0.0171025,0.0113465,0.00560989,-0.000113759,-0.00583067,-0.0115472,-0.0172698,-0.0230056,-0.0287624,-0.0345489,-0.040375,-0.0462521,-0.0521931,-0.0582132,-0.0643295,-0.0705616,-0.076932,-0.0834658,-0.0901911,-0.0971394,-0.104345,-0.111846,-0.119683,-0.127899,-0.13654,-0.145656,-0.155295,-0.165508,-0.176348,-0.187865,-0.200107,-0.213123,-0.226956,-0.241645,-0.257223,-0.273719,-0.291151,-0.309532,-0.328862,-0.349135,-0.370332,-0.392425,-0.415376,-0.439134,-0.46364,-0.488825,-0.514612,-0.540913,-0.567638,-0.594689,-0.621963,-0.649358,-0.676768,0.245196
0.656566,0.628757,0.60115,0.573847,0.546949,0.520546,0.494725,0.469562,0.445125,0.421473,0.398654,0.376707,0.35566,0.335533,0.316334,0.298064,0.280716,0.264275,0.248719,0.23402,0.220146,0.207061,0.194724,0.183093,0.172125,0.161775,0.151999,0.14275,0.133986,0.125664,0.117744,0.110186,0.102953,0.0960127,0.0893313,0.0828796,0.0766305,0.0705592,0.0646432,0.0588622,0.0531981,0.0476344,0.0421567,0.0367522,0.0314094,0.0261181,0.0208692,0.0156546,0.0104669,0.00529904,0.000144569,-0.00500295,-0.01015,-0.0153033,-0.0204701,-0.0256584,-0.030877,-0.0361362,-0.0414476,-0.0468244,-0.0522821,-0.0578382,-0.0635128,-0.0693287,-0.0753117,-0.0814904,-0.0878969,-0.0945664,-0.101537,-0.108851,-0.116552,-0.124687,-0.133306,-0.142459,-0.152198,-0.162575,-0.173643,-0.185451,-0.198048,-0.211477,-0.225779,-0.240988,-0.257131,-0.274229,-0.292293,-0.311325,-0.331318,-0.352253,-0.374101,-0.396823,-0.420368,-0.444675,-0.469675,-0.495288,-0.521427,-0.547998,-0.574902,-0.602036,-0.629292,-0.656566,0.245196
0.636364,0.608779,0.581397,0.554321,0.527653,0.501486,0.475905,0.45099,0.426809,0.403421,0.380875,0.359212,0.33846,0.318638,0.299756,0.281815,0.264807,0.248719,0.233526,0.219203,0.205717,0.193029,0.181101,0.16989,0.159351,0.149439,0.140109,0.131315,0.123013,0.115161,0.107717,0.100641,0.0938964,0.0874482,0.081264,0.0753135,0.0695693,0.0640061,0.0586011,0.0533336,0.0481852,0.0431393,0.0381812,0.0332976,0.028477,0.023709,0.0189843,0.0142946,0.0096324,0.00499053,0.000362345,-0.0042587,-0.00887922,-0.0135061,-0.0181467,-0.0228091,-0.0275024,-0.0322371,-0.0370247,-0.0418791,-0.0468156,-0.0518523,-0.0570094,-0.0623103,-0.0677809,-0.0734504,-0.0793513,-0.0855194,-0.0919934,-0.0988156,-0.106031,-0.113687,-0.121833,-0.130522,-0.139805,-0.149735,-0.160366,-0.171747,-0.183927,-0.196952,-0.210861,-0.225689,-0.241465,-0.258208,-0.27593,-0.294633,-0.31431,-0.334942,-0.356499,-0.378942,-0.402219,-0.42627,-0.451022,-0.476397,-0.502305,-0.528652,-0.555337,-0.582256,-0.609301,-0.636364,0.245196
0.616162,0.588876,0.561793,0.535017,0.508649,0.482784,0.457509,0.432903,0.409035,0.385964,0.363742,0.342406,0.321988,0.302507,0.283973,0.266386,0.24974,0.23402,0.219203,0.205263,0.192167,0.179876,0.168352,0.157551,0.147429,0.13794,0.129038,0.120678,0.112816,0.105408,0.0984119,0.0917888,0.0855007,0.0795126,0.0737915,0.0683071,0.0630316,0.0579395,0.0530076,0.0482153,0.0435436,0.0389759,0.0344971,0.0300941,0.025755,0.0214693,0.0172277,0.0130216,0.00884336,0.00468587,0.00054232,-0.00359394,-0.00772962,-0.0118717,-0.0160276,-0.0202057,-0.024415,-0.0286661,-0.0329709,-0.0373432,-0.0417987,-0.0463555,-0.0510341,-0.0558581,-0.0608536,-0.0660503,-0.0714808,-0.0771811,-0.0831906,-0.0895516,-0.0963095,-0.103512,-0.11121,-0.119455,-0.1283,-0.137798,-0.148003,-0.158964,-0.170732,-0.183351,-0.196861,-0.211299,-0.226692,-0.24306,-0.260416,-0.27876,-0.298086,-0.318375,-0.339597,-0.361713,-0.384669,-0.408406,-0.432851,-0.457923,-0.483535,-0.509589,-0.535986,-0.562619,-0.58938,-0.616162,0.245196
0.59596,0.569045,0.542332,0.515924,0.489925,0.464428,0.43952,0.415282,0.391781,0.36908,0.347227,0.326263,0.306218,0.287112,0.268954,0.251746,0.235482,0.220146,0.205717,0.192167,0.179463,0.167569,0.156444,0.146045,0.136328,0.127247,0.118757,0.110811,0.103366,0.0963774,0.0898037,0.0836049,0.0777435,0.072184,0.0668935,0.0618415,0.057,0.0523433,0.0478483,0.0434939,0.0392612,0.0351335,0.0310957,0.0271343,0.0232375,0.0193946,0.0155963,0.0118339,0.00809973,0.00438654,0.000687462,-0.0030042,-0.00669523,-0.0103927,-0.014104,-0.0178376,-0.0216028,-0.02541,-0.0292713,-0.0332006,-0.0372136,-0.0413286,-0.0455663,-0.0499501,-0.0545066,-0.0592654,-0.0642593,-0.0695245,-0.0751005,-0.0810297,-0.0873577,-0.0941326,-0.101405,-0.109227,-0.117651,-0.126731,-0.136519,-0.147068,-0.158426,-0.170638,-0.183746,-0.197783,-0.212779,-0.228753,-0.245718,-0.263675,-0.282618,-0.302526,-0.32337,-0.345111,-0.367696,-0.391064,-0.415144,-0.439853,-0.465104,-0.490801,-0.516841,-0.54312,-0.569529,-0.59596,0.245196
0.575758,0.549283,0.523006,0.497034,0.471467,0.4464,0.421919,0.398104,0.375025,0.352742,0.331304,0.310752,0.291117,0.272418,0.254665,0.23786,0.221997,0.207061,0.193029,0.179876,0.167569,0.15607,0.14534,0.135336,0.126014,0.117328,0.109232,0.101682,0.0946325,0.0880401,0.0818631,0.0760619,0.0705986,0.0654379,0.0605469,0.055895,0.0514542,0.0471989,0.0431058,0.039154,0.0353244,0.0316003,0.0279664,0.0244094,0.0209173,0.0174795,0.0140865,0.0107296,0.0074012,0.00409392,0.000800872,-0.00248468,-0.00576953,-0.00906076,-0.012366,-0.0156934,-0.0190525,-0.0224538,-0.0259093,-0.0294328,-0.0330404,-0.0367501,-0.0405827,-0.0445617,-0.0487136,-0.053068,-0.0576577,-0.062519,-0.0676911,-0.0732166,-0.0791409,-0.0855122,-0.0923807,-0.0997983,-0.107818,-0.116493,-0.125877,-0.13602,-0.146971,-0.158776,-0.171475,-0.185103,-0.199687,-0.21525,-0.231801,-0.249344,-0.26787,-0.287361,-0.307788,-0.329109,-0.351275,-0.374222,-0.397881,-0.422169,-0.446999,-0.472274,-0.497895,-0.523754,-0.549745,-0.575758,0.245196
0.555556,0.529585,0.50381,0.478335,0.453262,0.428683,0.404685,0.381347,0.358739,0.33692,0.315941,0.295841,0.27665,0.258389,0.241069,0.22469,0.209246,0.194724,0.181101,0.168352,0.156444,0.14534,0.135001,0.125385,0.116447,0.108143,0.100427,0.0932546,0.0865807,0.0803625,0.0745586,0.0691293,0.0640371,0.0592468,0.0547257,0.0504434,0.0463719,0.0424856,0.0387615,0.0351785,0.0317178,0.0283625,0.0250976,0.0219095,0.0187864,0.0157177,0.0126939,0.00970631,0.00674721,0.00380931,0.00088572,-0.00203032,-0.00494561,-0.00786723,-0.0108028,-0.0137605,-0.0167498,-0.0197812,-0.0228667,-0.0260202,-0.0292574,-0.0325965,-0.0360582,-0.0396659,-0.043446,-0.0474278,-0.0516442,-0.0561311,-0.0609277,-0.0660762,-0.0716218,-0.0776124,-0.0840979,-0.09113,-0.0987613,-0.107045,-0.116033,-0.125776,-0.136324,-0.14772,-0.160006,-0.173215,-0.187376,-0.20251,-0.218626,-0.235729,-0.253809,-0.272848,-0.292818,-0.313678,-0.335378,-0.357855,-0.38104,-0.404852,-0.429202,-0.453997,-0.479136,-0.504513,-0.530023,-0.555556,0.245196
0.535354,0.509948,0.484734,0.459817,0.435293,0.411258,0.387797,0.364986,0.342897,0.321586,0.301106,0.281494,0.262782,0.244989,0.228125,0.212194,0.197188,0.183093,0.16989,0.157551,0.146045,0.135336,0.125385,0.11615,0.107588,0.0996534,0.0923027,0.0854908,0.0791739,0.0733093,0.0678559,0.0627745,0.0580281,0.0535816,0.0494026,0.045461,0.041729,0.0381813,0.0347949,0.031549,0.0284249,0.0254057,0.0224765,0.0196239,0.0168362,0.0141026,0.0114138,0.00876113,0.00613692,0.0035339,0.000945177,-0.00163596,-0.00421631,-0.0068029,-0.0094033,-0.0120258,-0.0146796,-0.0173752,-0.0201246,-0.0229416,-0.0258417,-0.0288431,-0.0319662,-0.0352343,-0.0386734,-0.0423129,-0.0461851,-0.0503257,-0.0547734,-0.0595702,-0.0647607,-0.0703923,-0.0765146,-0.0831785,-0.0904362,-0.0983401,-0.106942,-0.116292,-0.126439,-0.137426,-0.149294,-0.162077,-0.175802,-0.19049,-0.206151,-0.222789,-0.240395,-0.25895,-0.278427,-0.298786,-0.319976,-0.341937,-0.364598,-0.387881,-0.411698,-0.435956,-0.460555,-0.485392,-0.510361,-0.535354,0.245196
0.515152,0.490368,0.465772,0.441466,0.417547,0.394107,0.371231,0.348996,0.327469,0.306709,0.286765,0.267677,0.249474,0.232176,0.215794,0.20033,0.185779,0.172125,0.159351,0.147429,0.136328,0.126014,0.116447,0.107588,0.099392,0.0918168,0.0848179,0.0783512,0.0723738,0.0668434,0.0617196,0.0569637,0.0525392,0.0484115,0.0445485,0.0409206,0.0375003,0.0342625,0.0311847,0.028246,0.0254281,0.0227143,0.0200897,0.0175412,0.0150571,0.0126267,0.0102408,0.00789094,0.00556928,0.00326869,0.000982356,-0.00129641,-0.00357433,-0.0058584,-0.00815611,-0.0104757,-0.0128262,-0.0152181,-0.0176633,-0.0201753,-0.0227696,-0.0254641,-0.028279,-0.0312372,-0.0343646,-0.03769,-0.0412454,-0.045066,-0.0491899,-0.0536587,-0.0585163,-0.0638094,-0.0695869,-0.075899,-0.0827972,-0.090333,-0.0985575,-0.10752,-0.117269,-0.127847,-0.139293,-0.151641,-0.164919,-0.179146,-0.194334,-0.210483,-0.227588,-0.24563,-0.26458,-0.2844,-0.305039,-0.326439,-0.348531,-0.371236,-0.394468,-0.418136,-0.442142,-0.466383,-0.490754,-0.515152,0.245196
0.494949,0.470841,0.446915,0.423271,0.400007,0.377211,0.354967,0.33335,0.312426,0.292255,0.272884,0.254351,0.236687,0.219911,0.204033,0.189056,0.174975,0.161775,0.149439,0.13794,0.127247,0.117328,0.108143,0.0996534,0.0918168,0.0845903,0.0779308,0.0717951,0.0661408,0.0609268,0.0561131,0.0516619,0.0475371,0.0437049,0.0401337,0.0367943,0.0336597,0.0307052,0.0279086,0.0252494,0.0227094,0.0202722,0.0179233,0.0156496,0.0134394,0.0112826,0.00916964,0.00709234,0.00504301,0.00301457,0.00100026,-0.00100651,-0.0030124,-0.00502431,-0.00704963,-0.00909647,-0.0111739,-0.0132921,-0.0154628,-0.0176993,-0.020017,-0.0224334,-0.0249684,-0.0276446,-0.0304874,-0.0335252,-0.0367894,-0.0403145,-0.0441382,-0.0483011,-0.0528465,-0.0578203,-0.0632703,-0.0692459,-0.0757977,-0.0829762,-0.0908316,-0.0994125,-0.108765,-0.118933,-0.129954,-0.141861,-0.154681,-0.168433,-0.183129,-0.19877,-0.215349,-0.232848,-0.25124,-0.270486,-0.290537,-0.311336,-0.332814,-0.354895,-0.377495,-0.400524,-0.423885,-0.447478,-0.471201,-0.494949,0.245196
0.474747,0.451363,0.428154,0.405221,0.382657,0.360549,0.33898,0.318022,0.297741,0.278194,0.259429,0.241482,0.224384,0.208153,0.192801,0.178329,0.164732,0.151999,0.140109,0.129038,0.118757,0.109232,0.100427,0.0923027,0.0848179,0.0779308,0.0715993,0.0657813,0.0604353,0.055521,0.0509995,0.0468336,0.0429882,0.0394299,0.0361281,0.0330538,0.0301809,0.027485,0.0249442,0.0225386,0.0202503,0.0180632,0.015963,0.0139368,0.0119732,0.0100621,0.00819436,0.00636172,0.00455667,0.00277223,0.00100176,-0.000761238,-0.00252332,-0.00429127,-0.00607238,-0.00787461,-0.00970684,-0.0115791,-0.013503,-0.0154915,-0.0175597,-0.0197248,-0.0220063,-0.0244263,-0.0270098,-0.0297845,-0.0327812,-0.0360338,-0.0395791,-0.0434567,-0.0477092,-0.0523813,-0.05752,-0.0631734,-0.069391,-0.0762223,-0.0837162,-0.0919203,-0.10088,-0.110637,-0.121229,-0.132688,-0.145041,-0.158305,-0.172493,-0.187606,-0.203636,-0.220567,-0.238371,-0.25701,-0.276438,-0.296598,-0.317422,-0.338837,-0.360761,-0.383104,-0.405773,-0.42867,-0.451695,-0.474747,0.245196
0.454545,0.431929,0.409483,0.387304,0.365482,0.344104,0.323249,0.302987,0.283385,0.264495,0.246366,0.229033,0.212526,0.196863,0.182055,0.168105,0.155007,0.14275,0.131315,0.120678,0.110811,0.101682,0.0932546,0.0854908,0.0783512,0.0717951,0.0657813,0.0602688,0.0552174,0.0505877,0.0463419,0.0424436,0.0388587,0.0355546,0.0325013,0.0296708,0.0270373,0.0245772,0.022269,0.0200932,0.0180324,0.0160708,0.0141944,0.0123906,0.0106483,0.00895741,0.00730912,0.00569531,0.00410862,0.0025422,0.000989532,-0.000555766,-0.00210011,-0.00365017,-0.00521307,-0.00679663,-0.00840954,-0.0100617,-0.0117642,-0.01353,-0.0153737,-0.0173122,-0.0193645,-0.0215523,-0.0238998,-0.0264341,-0.0291854,-0.0321865,-0.0354735,-0.039085,-0.0430624,-0.0474493,-0.0522915,-0.0576359,-0.0635307,-0.070024,-0.0771636,-0.0849957,-0.0935644,-0.10291,-0.113071,-0.124076,-0.135952,-0.148717,-0.162382,-0.176948,-0.192409,-0.208747,-0.225936,-0.24394,-0.262712,-0.282197,-0.302331,-0.323041,-0.344246,-0.365862,-0.387795,-0.409953,-0.432235,-0.454545,0.245196
0.434343,0.412536,0.390893,0.369508,0.348468,0.327856,0.307751,0.288221,0.269328,0.251127,0.233661,0.216968,0.201075,0.186001,0.171756,0.158343,0.145756,0.133986,0.123013,0.112816,0.103366,0.0946325,0.0865807,0.0791739,0.0723738,0.0661408,0.0604353,0.0552174,0.050448,0.0460891,0.0421039,0.0384571,0.0351154,0.0320474,0.0292238,0.0266173,0.0242029,0.0219577,0.0198607,0.0178929,0.0160374,0.0142787,0.0126033,0.0109988,0.00945442,0.00796036,0.00650793,0.00508925,0.00369712,0.00232485,0.000966049,-0.000385497,-0.00173606,-0.00309217,-0.00446077,-0.0058495,-0.00726683,-0.00872238,-0.0102271,-0.0117934,-0.0134358,-0.0151704,-0.0170159,-0.0189933,-0.0211263,-0.0234412,-0.0259671,-0.0287363,-0.0317835,-0.0351463,-0.038865,-0.0429819,-0.0475413,-0.0525889,-0.0581713,-0.0643353,-0.0711271,-0.0785917,-0.0867716,-0.0957066,-0.105432,-0.115978,-0.12737,-0.139625,-0.152753,-0.166756,-0.181628,-0.197351,-0.213901,-0.231241,-0.249328,-0.268107,-0.287516,-0.307484,-0.327934,-0.348783,-0.369942,-0.391318,-0.412817,-0.434343,0.245196
0.414141,0.393181,0.372378,0.351822,0.331599,0.311789,0.292466,0.273698,0.255545,0.238059,0.221284,0.205254,0.189996,0.175529,0.161863,0.149001,0.136938,0.125664,0.115161,0.105408,0.0963774,0.0880401,0.0803625,0.0733093,0.0668434,0.0609268,0.055521,0.0505877,0.0460891,0.0419884,0.03825,0.03484,0.0317259,0.0288775,0.0262663,0.0238659,0.0216522,0.0196027,0.0176974,0.0159177,0.0142472,0.0126709,0.0111756,0.00974936,0.00838164,0.00706297,0.00578485,0.00453963,0.00332031,0.00212036,0.000933569,-0.000246114,-0.0014248,-0.00260883,-0.00380499,-0.00502067,-0.00626414,-0.00754472,-0.00887304,-0.0102612,-0.0117232,-0.0132747,-0.0149339,-0.0167211,-0.0186591,-0.0207736,-0.0230927,-0.0256476,-0.028472,-0.0316022,-0.0350772,-0.0389379,-0.043227,-0.047989,-0.0532686,-0.0591112,-0.0655613,-0.0726625,-0.0804558,-0.0889795,-0.0982677,-0.10835,-0.11925,-0.130985,-0.143564,-0.156989,-0.171254,-0.186342,-0.20223,-0.218882,-0.236256,-0.2543,-0.272953,-0.292147,-0.311808,-0.331854,-0.352201,-0.372759,-0.393436,-0.414141,0.245196
0.393939,0.373859,0.353929,0.334235,0.314861,0.295883,0.277373,0.259397,0.24201,0.225265,0.209202,0.193857,0.179254,0.165412,0.15234,0.140042,0.128513,0.117744,0.107717,0.0984119,0.0898037,0.0818631,0.0745586,0.0678559,0.0617196,0.0561131,0.0509995,0.0463419,0.0421039,0.03825,0.0347462,0.0315595,0.0286589,0.0260151,0.0236006,0.0213901,0.0193602,0.0174893,0.0157579,0.0141483,0.0126443,0.0112317,0.0098976,0.0086305,0.00742014,0.00625737,0.00513398,0.00404253,0.00297624,0.00192877,0.000894119,-0.000133603,-0.00116032,-0.00219218,-0.00323575,-0.00429821,-0.00538755,-0.00651281,-0.00768425,-0.00891363,-0.0102143,-0.0116017,-0.0130932,-0.0147083,-0.0164693,-0.0184007,-0.0205298,-0.0228866,-0.0255036,-0.0284159,-0.0316607,-0.0352778,-0.0393082,-0.0437946,-0.0487802,-0.0543086,-0.0604227,-0.0671642,-0.0745727,-0.0826851,-0.0915341,-0.101148,-0.111549,-0.122755,-0.134774,-0.147608,-0.16125,-0.175686,-0.190891,-0.206832,-0.223469,-0.240751,-0.25862,-0.27701,-0.29585,-0.315062,-0.334563,-0.354269,-0.374091,-0.393939,0.245196
0.373737,0.354567,0.33554,0.316739,0.298242,0.280124,0.262454,0.245294,0.228698,0.212716,0.197388,0.182746,0.168815,0.155614,0.14315,0.131428,0.120443,0.110186,0.100641,0.0917888,0.0836049,0.0760619,0.0691293,0.0627745,0.0569637,0.0516619,0.0468336,0.0424436,0.0384571,0.03484,0.0315595,0.0285842,0.0258843,0.0234316,0.0211999,0.0191646,0.0173033,0.0155954,0.014022,0.0125659,0.011212,0.00994616,0.00875615,0.00763085,0.00656039,0.00553593,0.00454954,0.00359406,0.00266291,0.00174999,0.000849493,-4.42732e-05,-0.00093703,-0.00183472,-0.00274368,-0.00367084,-0.00462392,-0.00561162,-0.00664385,-0.00773191,-0.00888873,-0.010129,-0.0114696,-0.0129292,-0.0145293,-0.0162934,-0.0182477,-0.020421,-0.0228446,-0.0255521,-0.0285793,-0.0319642,-0.0357462,-0.0399663,-0.0446658,-0.0498866,-0.0556696,-0.062055,-0.0690806,-0.0767815,-0.0851893,-0.094331,-0.104228,-0.114897,-0.126345,-0.138575,-0.151581,-0.165347,-0.179852,-0.195062,-0.21094,-0.227435,-0.244494,-0.262054,-0.280045,-0.298393,-0.317019,-0.335841,-0.354776,-0.373737,0.245196
0.353535,0.335302,0.317205,0.299322,0.281729,0.264496,0.24769,0.231369,0.215586,0.200388,0.185813,0.171892,0.158649,0.146102,0.134259,0.123123,0.112691,0.102953,0.0938964,0.0855007,0.0777435,0.0705986,0.0640371,0.0580281,0.0525392,0.0475371,0.0429882,0.0388587,0.0351154,0.0317259,0.0286589,0.0258843,0.0233737,0.0211,0.0190383,0.0171651,0.0154589,0.0138999,0.0124701,0.011153,0.00993408,0.00879989,0.00773858,0.00673954,0.00579326,0.00489127,0.00402595,0.0031904,0.0023783,0.00158378,0.000801255,2.52382e-05,-0.000749774,-0.0015295,-0.00232003,-0.00312804,-0.00396094,-0.00482709,-0.00573599,-0.00669851,-0.00772701,-0.00883564,-0.0100404,-0.0113595,-0.0128131,-0.0144241,-0.0162173,-0.0182204,-0.0204631,-0.0229777,-0.0257984,-0.0289614,-0.0325045,-0.0364666,-0.0408873,-0.0458063,-0.051263,-0.0572954,-0.0639396,-0.0712292,-0.0791942,-0.0878602,-0.0972479,-0.107372,-0.118241,-0.129857,-0.142213,-0.155295,-0.169082,-0.183544,-0.198642,-0.21433,-0.230556,-0.247261,-0.264377,-0.281835,-0.299559,-0.31747,-0.33549,-0.353535,0.245196
0.333333,0.316061,0.298917,0.281977,0.26531,0.248985,0.233064,0.217603,0.202652,0.188256,0.174451,0.161267,0.148727,0.136846,0.125635,0.115095,0.105224,0.0960127,0.0874482,0.0795126,0.072184,0.0654379,0.0592468,0.0535816,0.0484115,0.0437049,0.0394299,0.0355546,0.0320474,0.0288775,0.0260151,0.0234316,0.0211,0.0189947,0.0170918,0.0153689,0.0138056,0.012383,0.0110839,0.00989277,0.00879544,0.00777928,0.00683291,0.00594619,0.00511004,0.00431635,0.00355781,0.00282784,0.00212038,0.0014298,0.000750746,7.79611e-05,-0.000593831,-0.00127011,-0.00195672,-0.00266004,-0.00338716,-0.00414609,-0.00494592,-0.00579701,-0.00671119,-0.00770195,-0.00878458,-0.00997637,-0.0112967,-0.0127672,-0.0144116,-0.0162562,-0.0183294,-0.0206618,-0.023286,-0.0262365,-0.029549,-0.0332605,-0.0374088,-0.0420315,-0.047166,-0.0528483,-0.0591127,-0.0659911,-0.0735118,-0.0816991,-0.0905726,-0.100146,-0.110428,-0.12142,-0.133115,-0.1455,-0.158555,-0.172251,-0.186551,-0.201413,-0.216786,-0.232614,-0.248833,-0.265377,-0.282174,-0.29915,-0.316229,-0.333333,0.245196
0.313131,0.296842,0.280673,0.264695,0.248975,0.233578,0.218561,0.203978,0.189877,0.176299,0.163279,0.150846,0.139021,0.127818,0.117248,0.107313,0.0980102,0.0893313,0.081264,0.0737915,0.0668935,0.0605469,0.0547257,0.0494026,0.0445485,0.0401337,0.0361281,0.0325013,0.0292238,0.0262663,0.0236006,0.0211999,0.0190383,0.0170918,0.0153375,0.0137545,0.0123233,0.011026,0.0098463,0.00876934,0.00778176,0.00687153,0.00602784,0.00524103,0.00450248,0.00380445,0.00313999,0.0025028,0.00188713,0.0012876,0.000699096,0.000116601,-0.000464922,-0.0010507,-0.00164631,-0.00225783,-0.00289204,-0.00355654,-0.00425998,-0.00501224,-0.00582457,-0.00670977,-0.00768238,-0.00875879,-0.00995742,-0.0112987,-0.0128053,-0.0145021,-0.0164158,-0.0185756,-0.0210123,-0.0237584,-0.0268478,-0.0303156,-0.0341973,-0.0385285,-0.0433445,-0.0486793,-0.0545654,-0.0610326,-0.0681077,-0.0758137,-0.084169,-0.0931866,-0.102874,-0.113233,-0.124256,-0.135933,-0.148243,-0.161159,-0.174646,-0.188665,-0.203166,-0.218097,-0.233399,-0.249008,-0.264857,-0.280875,-0.296991,-0.313131,0.245196
0.292929,0.277641,0.262465,0.247469,0.232714,0.218262,0.204166,0.190478,0.177241,0.164496,0.152275,0.140605,0.129506,0.118992,0.109072,0.0997495,0.0910211,0.0828796,0.0753135,0.0683071,0.0618415,0.055895,0.0504434,0.045461,0.0409206,0.0367943,0.0330538,0.0296708,0.0266173,0.0238659,0.0213901,0.0191646,0.0171651,0.0153689,0.0137545,0.0123022,0.0109936,0.00981168,0.00874117,0.00776806,0.00687969,0.00606467,0.00531279,0.00461491,0.00396284,0.00334927,0.00276759,0.00221186,0.00167658,0.00115666,0.000647237,0.000143548,-0.000359196,-0.000865962,-0.00138204,-0.00191322,-0.0024659,-0.00304732,-0.00366566,-0.00433028,-0.00505181,-0.00584238,-0.00671572,-0.00768734,-0.00877458,-0.0099968,-0.0113753,-0.0129335,-0.0146968,-0.0166925,-0.0189495,-0.0214987,-0.0243718,-0.0276017,-0.031222,-0.035266,-0.0397669,-0.0447566,-0.0502656,-0.0563218,-0.0629503,-0.0701727,-0.0780061,-0.0864628,-0.0955496,-0.105268,-0.115611,-0.126569,-0.138122,-0.150245,-0.162905,-0.176065,-0.189679,-0.203697,-0.218063,-0.232719,-0.247599,-0.26264,-0.277773,-0.292929,0.245196
0.272727,0.258457,0.244291,0.230292,0.216518,0.203026,0.189866,0.177087,0.164729,0.152829,0.141419,0.130522,0.120159,0.110343,0.101082,0.092378,0.0842298,0.0766305,0.0695693,0.0630316,0.057,0.0514542,0.0463719,0.041729,0.0375003,0.0336597,0.0301809,0.0270373,0.0242029,0.0216522,0.0193602,0.0173033,0.0154589,0.0138056,0.0123233,0.0109936,0.00979902,0.00872388,0.0077537,0.00687531,0.00607685,0.00534759,0.00467793,0.00405927,0.00348389,0.00294488,0.00243605,0.00195174,0.00148679,0.00103639,0.00059592,0.000160895,-0.000273218,-0.000711117,-0.00115781,-0.00161874,-0.00209998,-0.00260833,-0.00315153,-0.00373838,-0.00437891,-0.0050845,-0.00586809,-0.00674424,-0.00772924,-0.00884125,-0.0101003,-0.0115283,-0.013149,-0.014988,-0.0170726,-0.0194312,-0.022094,-0.0250914,-0.0284548,-0.0322155,-0.0364043,-0.041051,-0.046184,-0.0518294,-0.0580105,-0.0647473,-0.0720557,-0.0799471,-0.0884278,-0.0974987,-0.107155,-0.117384,-0.12817,-0.139489,-0.15131,-0.163597,-0.176309,-0.189399,-0.202814,-0.216499,-0.230395,-0.244441,-0.258573,-0.272727,0.245196
0.252525,0.239287,0.226145,0.213157,0.200379,0.18786,0.17565,0.163792,0.152324,0.141281,0.130692,0.120579,0.11096,0.101849,0.0932534,0.0851749,0.0776122,0.0705592,0.0640061,0.0579395,0.0523433,0.0471989,0.0424856,0.0381813,0.0342625,0.0307052,0.027485,0.0245772,0.0219577,0.0196027,0.0174893,0.0155954,0.0138999,0.012383,0.011026,0.00981168,0.00872388,0.00774789,0.0068702,0.00607855,0.00536183,0.00471004,0.00411419,0.00356622,0.00305891,0.0025858,0.00214105,0.00171937,0.00131591,0.000926139,0.000545731,0.000170455,-0.00020395,-0.000581901,-0.000968104,-0.00136769,-0.00178633,-0.00223044,-0.00270726,-0.00322504,-0.00379315,-0.00442227,-0.00512447,-0.00591335,-0.00680415,-0.00781379,-0.00896093,-0.010266,-0.0117512,-0.0134402,-0.0153584,-0.0175323,-0.0199899,-0.0227595,-0.0258702,-0.0293509,-0.0332302,-0.0375359,-0.0422939,-0.0475287,-0.0532615,-0.059511,-0.0662918,-0.0736142,-0.081484,-0.089902,-0.0988631,-0.108357,-0.118367,-0.128872,-0.139842,-0.151246,-0.163043,-0.175191,-0.187641,-0.200341,-0.213238,-0.226273,-0.239389,-0.252525,0.245196
0.232323,0.220129,0.208024,0.19606,0.184288,0.172756,0.161506,0.15058,0.140013,0.129837,0.120077,0.110756,0.10189,0.0934916,0.0855669,0.078119,0.0711462,0.0646432,0.0586011,0.0530076,0.0478483,0.0431058,0.0387615,0.0347949,0.0311847,0.0279086,0.0249442,0.022269,0.0198607,0.0176974,0.0157579,0.014022,0.0124701,0.0110839,0.0098463,0.00874117,0.0077537,0.0068702,0.00607819,0.00536629,0.00472419,0.00414262,0.00361322,0.0031285,0.00268174,0.00226691,0.00187859,0.00151185,0.00116214,0.000825242,0.000497108,0.000173781,-0.000148721,-0.000474531,-0.000808045,-0.00115405,-0.00151786,-0.00190544,-0.00232355,-0.00277985,-0.00328308,-0.00384315,-0.00447129,-0.00518011,-0.00598373,-0.00689784,-0.00793972,-0.00912827,-0.010484,-0.0120288,-0.0137861,-0.0157804,-0.0180374,-0.0205833,-0.0234448,-0.0266485,-0.0302208,-0.034187,-0.0385711,-0.0433954,-0.0486794,-0.0544401,-0.0606909,-0.0674411,-0.0746959,-0.0824558,-0.0907162,-0.0994673,-0.108694,-0.118376,-0.128487,-0.138996,-0.149868,-0.161062,-0.172535,-0.184238,-0.196121,-0.208133,-0.220218,-0.232323,0.245196
