0,0,0,0,0,0,0,0,0,0,0,0,0,0,0,0,0,0,0,0,0,0,0,0,0,0,0,0,0,0,0,0,0,0,0,0,0,0,0,0,0,0,0,0,0,0,0,0,0,0,0,0,0,0,0,0,0,0,0,0,0,0,0,0,0,0,0,0,0,0,0,0,0,0,0,0,0,0,0,0,0,0,0,0,0,0,0,0,0,0,0,0,0,0,0,0,0,0,0,0,0,0,0.154188
0,1.06315e-14,2.4141e-14,4.28823e-14,7.06215e-14,1.13581e-13,1.82124e-13,2.93486e-13,4.76169e-13,7.76977e-13,1.2722e-12,2.08522e-12,3.41408e-12,5.57413e-12,9.06376e-12,1.46646e-11,2.3593e-11,3.77283e-11,5.99511e-11,9.46456e-11,1.48434e-10,2.31244e-10,3.57856e-10,5.50108e-10,8.40036e-10,1.2743e-09,1.92038e-09,2.87516e-09,4.27677e-09,6.32075e-09,9.282e-09,1.35443e-08,1.96396e-08,2.83006e-08,4.05288e-08,5.76844e-08,8.16022e-08,1.1474e-07,1.60368e-07,2.22809e-07,3.07737e-07,4.22552e-07,5.76839e-07,7.8293e-07,1.05659e-06,1.41783e-06,1.89189e-06,2.5104e-06,3.31273e-06,4.34755e-06,5.67462e-06,7.3669e-06,9.51278e-06,1.22187e-05,1.56119e-05,1.98436e-05,2.50921e-05,3.15666e-05,3.95105e-05,4.92049e-05,6.09728e-05,7.51823e-05,9.225e-05,0.000112644,0.000136887,0.000165556,0.000199287,0.000238773,0.000284761,0.000338055,0.000399509,0.000470021,0.00055053,0.000642004,0.000745434,0.00086182,0.000992158,0.00113743,0.00129858,0.0014765,0.00167204,0.00188593,0.00211884,0.00237128,0.00264366,0.00293623,0.00324909,0.00358215,0.00393517,0.00430769,0.0046991,0.00510856,0.0055351,0.00597752,0.0064345,0.00690454,0.00738601,0.00787716,0.00837616,0.00888109,0.00938997,0.00990083,0.154188
0,2.4141e-14,5.45433e-14,9.61767e-14,1.56977e-13,2.5003e-13,3.97101e-13,6.34326e-13,1.02138e-12,1.65613e-12,2.69789e-12,4.40397e-12,7.18684e-12,1.17025e-11,1.89865e-11,3.06608e-11,4.92468e-11,7.8635e-11,1.24783e-10,1.96747e-10,3.08191e-10,4.79581e-10,7.41349e-10,1.13842e-09,1.73662e-09,2.63174e-09,3.96218e-09,5.92644e-09,8.8073e-09,1.30047e-08,1.90804e-08,2.78178e-08,4.03024e-08,5.80271e-08,8.30318e-08,1.18085e-07,1.66916e-07,2.3452e-07,3.27537e-07,4.54736e-07,6.27621e-07,8.61184e-07,1.17483e-06,1.59351e-06,2.1491e-06,2.88204e-06,3.84331e-06,5.09673e-06,6.72172e-06,8.81637e-06,1.15011e-05,1.49229e-05,1.92595e-05,2.47251e-05,3.15756e-05,4.01148e-05,5.0701e-05,6.3754e-05,7.9762e-05,9.92894e-05,0.000122984,0.000151582,0.00018592,0.000226935,0.000275671,0.000333286,0.000401051,0.00048035,0.000572679,0.000679643,0.000802947,0.000944385,0.00110583,0.00128922,0.00149653,0.00172974,0.00199086,0.00228182,0.00260452,0.00296075,0.00335216,0.00378024,0.00424628,0.00475134,0.00529622,0.0058814,0.00650707,0.00717308,0.0078789,0.00862364,0.00940606,0.0102245,0.011077,0.0119612,0.0128745,0.0138138,0.0147758,0.0157572,0.0167543,0.0177632,0.01878,0.0198007,0.154188
0,4.28823e-14,9.61767e-14,1.67742e-13,2.70099e-13,4.23852e-13,6.63215e-13,1.04491e-12,1.66248e-12,2.66915e-12,4.31397e-12,6.99877e-12,1.13668e-11,1.84401e-11,2.98297e-11,4.80563e-11,7.70342e-11,1.22796e-10,1.9457e-10,3.06368e-10,4.7931e-10,7.44998e-10,1.15037e-09,1.76466e-09,2.6892e-09,4.07134e-09,6.12371e-09,9.1511e-09,1.35872e-08,2.0045e-08,2.93845e-08,4.28045e-08,6.19642e-08,8.9144e-08,1.27457e-07,1.81126e-07,2.55835e-07,3.59189e-07,5.01293e-07,6.95483e-07,9.59242e-07,1.31533e-06,1.79321e-06,2.43072e-06,3.27617e-06,4.39083e-06,5.85186e-06,7.75585e-06,1.02229e-05,1.34012e-05,1.74728e-05,2.26594e-05,2.92294e-05,3.75058e-05,4.78743e-05,6.07927e-05,7.68007e-05,9.65303e-05,0.000120716,0.000150207,0.000185977,0.000229134,0.000280932,0.000342779,0.000416245,0.000503065,0.000605145,0.000724563,0.000863561,0.00102454,0.00121007,0.00142281,0.0016656,0.0019413,0.00225289,0.00260335,0.00299564,0.00343268,0.0039173,0.00445216,0.00503973,0.00568225,0.00638163,0.00713946,0.0079569,0.00883469,0.00977311,0.0107719,0.0118303,0.0129469,0.01412,0.0153469,0.0166248,0.0179501,0.0193189,0.0207266,0.0221685,0.0236393,0.0251334,0.0266453,0.028169,0.0296986,0.154188
0,7.06215e-14,1.56977e-13,2.70099e-13,4.27515e-13,6.58015e-13,1.00932e-12,1.56043e-12,2.44145e-12,3.86523e-12,6.17732e-12,9.93455e-12,1.60273e-11,2.58685e-11,4.16831e-11,6.69483e-11,1.07058e-10,1.70315e-10,2.69409e-10,4.23587e-10,6.61831e-10,1.02746e-09,1.58477e-09,2.42846e-09,3.69708e-09,5.59185e-09,8.40292e-09,1.25458e-08,1.86112e-08,2.74334e-08,4.01821e-08,5.8486e-08,8.45978e-08,1.21611e-07,1.73748e-07,2.46726e-07,3.48241e-07,4.88581e-07,6.81407e-07,9.44732e-07,1.30216e-06,1.78441e-06,2.43118e-06,3.29347e-06,4.43635e-06,5.94227e-06,7.91503e-06,1.04845e-05,1.3812e-05,1.80966e-05,2.35826e-05,3.05675e-05,3.94113e-05,5.05467e-05,6.44905e-05,8.18558e-05,0.000103365,0.000129864,0.000162334,0.000201911,0.000249896,0.000307769,0.000377205,0.000460084,0.000558498,0.000674764,0.000811423,0.000971243,0.00115721,0.00137254,0.00162062,0.00190503,0.00222951,0.00259791,0.00301415,0.00348221,0.00400604,0.0045895,0.00523636,0.00595014,0.00673414,0.00759131,0.0085242,0.00953488,0.0106249,0.0117953,0.0130464,0.0143778,0.0157884,0.0172766,0.0188398,0.0204748,0.0221775,0.0239433,0.0257668,0.0276422,0.029563,0.0315222,0.0335126,0.0355265,0.0375561,0.0395936,0.154188
0,1.13581e-13,2.5003e-13,4.23852e-13,6.58015e-13,9.90163e-13,1.48258e-12,2.23824e-12,3.4265e-12,5.32405e-12,8.37966e-12,1.33156e-11,2.12854e-11,3.41177e-11,5.46889e-11,8.74895e-11,1.39478e-10,2.21354e-10,3.49456e-10,5.48537e-10,8.55836e-10,1.32696e-09,2.04437e-09,3.12941e-09,4.75944e-09,7.19183e-09,1.07974e-08,1.61066e-08,2.38733e-08,3.51609e-08,5.14592e-08,7.48415e-08,1.08173e-07,1.55385e-07,2.2184e-07,3.14793e-07,4.44007e-07,6.22519e-07,8.67629e-07,1.20214e-06,1.65591e-06,2.26776e-06,3.08788e-06,4.18063e-06,5.62813e-06,7.53438e-06,1.00302e-05,1.32793e-05,1.74846e-05,2.2897e-05,2.98235e-05,3.86383e-05,4.97938e-05,6.38336e-05,8.14067e-05,0.000103282,0.000130367,0.000163721,0.000204576,0.000254354,0.000314685,0.000387422,0.000474662,0.000578755,0.000702322,0.000848257,0.00101974,0.00122022,0.00145345,0.00172341,0.00203436,0.00239076,0.00279727,0.00325869,0.00377993,0.00436593,0.00502161,0.0057518,0.00656117,0.00745414,0.00843478,0.00950677,0.0106733,0.0119369,0.0132996,0.0147625,0.016326,0.0179898,0.0197525,0.0216119,0.0235648,0.0256072,0.0277341,0.0299397,0.0322173,0.0345596,0.0369584,0.0394052,0.0418908,0.0444058,0.0469404,0.0494847,0.154188
0,1.82124e-13,3.97101e-13,6.63215e-13,1.00932e-12,1.48258e-12,2.16091e-12,3.1729e-12,4.72983e-12,7.17645e-12,1.10713e-11,1.73122e-11,2.7332e-11,4.33991e-11,6.90783e-11,1.09929e-10,1.74557e-10,2.76184e-10,4.34976e-10,6.81459e-10,1.06152e-09,1.6436e-09,2.5291e-09,3.86714e-09,5.87546e-09,8.86976e-09,1.33045e-08,1.98295e-08,2.93669e-08,4.32172e-08,6.32007e-08,9.18487e-08,1.32657e-07,1.90419e-07,2.71665e-07,3.85233e-07,5.42998e-07,7.60813e-07,1.0597e-06,1.46735e-06,2.02001e-06,2.76476e-06,3.76242e-06,5.09102e-06,6.84996e-06,9.16511e-06,1.21948e-05,1.61367e-05,2.12364e-05,2.77966e-05,3.61883e-05,4.68626e-05,6.03655e-05,7.73523e-05,9.86051e-05,0.000125051,0.000157781,0.000198071,0.000247404,0.000307489,0.000380287,0.000468025,0.000573221,0.000698701,0.000847609,0.00102342,0.00122995,0.00147134,0.00175207,0.00207694,0.00245104,0.00287972,0.00336857,0.00392332,0.00454985,0.00525408,0.00604191,0.00691909,0.00789123,0.00896358,0.010141,0.011428,0.0128282,0.0143448,0.01598,0.0177353,0.0196112,0.0216072,0.0237216,0.0259517,0.0282939,0.0307433,0.0332937,0.0359384,0.0386694,0.0414777,0.0443537,0.0472872,0.0502671,0.0532821,0.0563207,0.059371,0.154188
0,2.93486e-13,6.34326e-13,1.04491e-12,1.56043e-12,2.23824e-12,3.1729e-12,4.52029e-12,6.53618e-12,9.63748e-12,1.44989e-11,2.22041e-11,3.44802e-11,5.40595e-11,8.5231e-11,1.34677e-10,2.12733e-10,3.3526e-10,5.26429e-10,8.22798e-10,1.27926e-09,1.97764e-09,3.03905e-09,4.64144e-09,7.04443e-09,1.06242e-08,1.59217e-08,2.37099e-08,3.5085e-08,5.15917e-08,7.53906e-08,1.09484e-07,1.58014e-07,2.26661e-07,3.23153e-07,4.57944e-07,6.45072e-07,9.03267e-07,1.25735e-06,1.74e-06,2.39394e-06,3.2747e-06,4.45391e-06,6.02342e-06,8.10024e-06,1.08324e-05,1.44059e-05,1.90533e-05,2.50628e-05,3.27898e-05,4.26695e-05,5.52312e-05,7.11149e-05,9.10884e-05,0.000116068,0.000147139,0.000185579,0.00023288,0.000290777,0.000361269,0.000446646,0.000549511,0.000672806,0.000819829,0.00099425,0.00120013,0.0014419,0.00172442,0.0020529,0.00243292,0.00287043,0.00337166,0.0039431,0.00459146,0.00532355,0.00614628,0.00706649,0.0080909,0.009226,0.0104779,0.0118523,0.0133543,0.0149883,0.0167578,0.0186656,0.0207132,0.0229012,0.0252291,0.0276948,0.0302954,0.0330263,0.035882,0.0388555,0.0419386,0.0451221,0.0483956,0.051748,0.0551672,0.0586405,0.0621547,0.0656962,0.0692515,0.154188
0,4.76169e-13,1.02138e-12,1.66248e-12,2.44145e-12,3.4265e-12,4.72983e-12,6.53618e-12,9.14832e-12,1.30593e-11,1.90662e-11,2.84482e-11,4.32419e-11,6.66663e-11,1.03769e-10,1.6241e-10,2.54728e-10,3.99345e-10,6.24604e-10,9.73341e-10,1.50982e-09,2.32976e-09,3.5747e-09,5.45245e-09,8.26599e-09,1.24539e-08,1.86465e-08,2.77436e-08,4.10208e-08,6.02735e-08,8.80121e-08,1.27722e-07,1.8421e-07,2.6406e-07,3.76228e-07,5.3282e-07,7.50082e-07,1.04968e-06,1.4603e-06,2.01969e-06,2.7772e-06,3.7969e-06,5.16141e-06,6.97662e-06,9.37734e-06,1.25341e-05,1.6661e-05,2.20255e-05,2.89592e-05,3.78706e-05,4.92599e-05,6.37349e-05,8.20303e-05,0.000105028,0.000133778,0.000169525,0.000213735,0.000268117,0.000334658,0.000415647,0.000513706,0.000631815,0.000773339,0.000942049,0.00114214,0.00137825,0.00165547,0.00197931,0.00235574,0.00279115,0.0032923,0.00386631,0.00452059,0.00526278,0.00610067,0.00704212,0.00809493,0.00926675,0.010565,0.0119966,0.0135681,0.0152852,0.0171529,0.0191754,0.0213555,0.0236953,0.0261952,0.0288547,0.0316714,0.0346419,0.0377611,0.0410226,0.0444184,0.0479392,0.0515744,0.0553124,0.0591402,0.0630443,0.06701,0.0710224,0.075066,0.0791251,0.154188
0,7.76977e-13,1.65613e-12,2.66915e-12,3.86523e-12,5.32405e-12,7.17645e-12,9.63748e-12,1.30593e-11,1.80148e-11,2.54296e-11,3.67874e-11,5.4449e-11,8.21419e-11,1.25707e-10,1.9423e-10,3.01732e-10,4.69703e-10,7.30824e-10,1.13445e-09,1.75455e-09,2.70123e-09,4.13716e-09,6.301e-09,9.54043e-09,1.43583e-08,2.14771e-08,3.1927e-08,4.71675e-08,6.9252e-08,1.01049e-07,1.46538e-07,2.11207e-07,3.02562e-07,4.30815e-07,6.09755e-07,8.57878e-07,1.19983e-06,1.66826e-06,2.30605e-06,3.16927e-06,4.33065e-06,5.88398e-06,7.94937e-06,1.06797e-05,1.4268e-05,1.89572e-05,2.50498e-05,3.29211e-05,4.30334e-05,5.59521e-05,7.23644e-05,9.31003e-05,0.000119156,0.000151717,0.000192188,0.000242222,0.000303749,0.000379007,0.000470578,0.000581414,0.000714872,0.000874743,0.00106527,0.00129118,0.00155768,0.0018705,0.00223585,0.00266042,0.00315141,0.0037164,0.0043634,0.00510073,0.00593697,0.00688087,0.00794122,0.00912681,0.0104462,0.0119077,0.0135191,0.0152877,0.01722,0.0193214,0.0215967,0.0240492,0.0266809,0.0294925,0.0324832,0.0356505,0.0389905,0.0424974,0.0461641,0.0499815,0.0539393,0.0580255,0.0622271,0.0665295,0.0709175,0.0753747,0.0798843,0.0844289,0.088991,0.154188
0,1.2722e-12,2.69789e-12,4.31397e-12,6.17732e-12,8.37966e-12,1.10713e-11,1.44989e-11,1.90662e-11,2.54296e-11,3.46484e-11,4.84202e-11,6.94432e-11,1.01975e-10,1.52682e-10,2.31922e-10,3.55674e-10,5.48399e-10,8.47276e-10,1.3084e-09,2.01578e-09,3.09437e-09,4.72863e-09,7.18902e-09,1.08692e-08,1.63382e-08,2.44129e-08,3.62574e-08,5.35199e-08,7.85174e-08,1.14485e-07,1.65909e-07,2.38968e-07,3.42115e-07,4.86838e-07,6.8864e-07,9.68309e-07,1.35353e-06,1.88094e-06,2.59867e-06,3.5696e-06,4.87524e-06,6.62068e-06,8.94042e-06,1.20055e-05,1.60322e-05,2.12917e-05,2.81225e-05,3.6944e-05,4.82723e-05,6.27388e-05,8.11106e-05,0.000104314,0.000133458,0.000169867,0.000215106,0.000271016,0.000339745,0.000423788,0.000526015,0.000649714,0.000798619,0.000976943,0.00118941,0.00144126,0.0017383,0.00208687,0.00249388,0.00296677,0.00351351,0.00414252,0.0048627,0.00568326,0.00661373,0.00766379,0.00884321,0.0101617,0.0116288,0.0132537,0.015045,0.0170107,0.0191581,0.0214932,0.0240212,0.0267458,0.0296692,0.0327922,0.0361138,0.0396313,0.0433403,0.0472344,0.0513056,0.055544,0.059938,0.0644745,0.0691388,0.073915,0.0787859,0.0837337,0.0887395,0.0937841,0.0988482,0.154188
0,2.08522e-12,4.40397e-12,6.99877e-12,9.93455e-12,1.33156e-11,1.73122e-11,2.22041e-11,2.84482e-11,3.67874e-11,4.84202e-11,6.52656e-11,9.03727e-11,1.28548e-10,1.87314e-10,2.78349e-10,4.19654e-10,6.38767e-10,9.77509e-10,1.49893e-09,2.29739e-09,3.51314e-09,5.35306e-09,8.12026e-09,1.22557e-08,1.83961e-08,2.74553e-08,4.07344e-08,6.00746e-08,8.80625e-08,1.28307e-07,1.85811e-07,2.6746e-07,3.82668e-07,5.44221e-07,7.69369e-07,1.08122e-06,1.51056e-06,2.09806e-06,2.89718e-06,3.97767e-06,5.42997e-06,7.37058e-06,9.94854e-06,1.33533e-05,1.78243e-05,2.36619e-05,3.12403e-05,4.10234e-05,5.35817e-05,6.9613e-05,8.99646e-05,0.000115659,0.000147922,0.000188213,0.000238259,0.00030009,0.000376075,0.000468962,0.000581916,0.000718556,0.000882994,0.00107987,0.00131437,0.00159229,0.00191998,0.00230444,0.00275326,0.00327461,0.00387725,0.00457045,0.00536395,0.0062679,0.00729274,0.00844911,0.00974773,0.0111993,0.0128141,0.0146024,0.0165736,0.0187365,0.0210989,0.0236677,0.0264482,0.0294447,0.0326596,0.0360936,0.0397457,0.043613,0.0476905,0.0519712,0.0564464,0.061105,0.0659345,0.0709204,0.0760466,0.0812956,0.0866486,0.0920859,0.097587,0.103131,0.108696,0.154188
0,3.41408e-12,7.18684e-12,1.13668e-11,1.60273e-11,2.12854e-11,2.7332e-11,3.44802e-11,4.32419e-11,5.4449e-11,6.94432e-11,9.03727e-11,1.20648e-10,1.65646e-10,2.33769e-10,3.38061e-10,4.9861e-10,7.46124e-10,1.12721e-09,1.71207e-09,2.60572e-09,3.96411e-09,6.01713e-09,9.1014e-09,1.37062e-08,2.05379e-08,3.0609e-08,4.5361e-08,6.68319e-08,9.78832e-08,1.42506e-07,2.06227e-07,2.96652e-07,4.24172e-07,6.02895e-07,8.51839e-07,1.19648e-06,1.67071e-06,2.31934e-06,3.20118e-06,4.39297e-06,5.99415e-06,8.13274e-06,1.09725e-05,1.47215e-05,1.96425e-05,2.6065e-05,3.43996e-05,4.51548e-05,5.8956e-05,7.65676e-05,9.89175e-05,0.000127125,0.000162533,0.000206736,0.000261625,0.00032942,0.000412709,0.000514496,0.000638237,0.000787888,0.000967936,0.00118345,0.00144009,0.00174416,0.00210263,0.00252309,0.00301384,0.00358378,0.00424245,0.00499996,0.00586693,0.00685439,0.00797372,0.00923651,0.0106544,0.012239,0.0140018,0.0159535,0.0181046,0.0204645,0.023042,0.0258442,0.0288772,0.0321453,0.0356514,0.0393961,0.0433783,0.0475949,0.0520403,0.0567071,0.0615855,0.0666637,0.0719279,0.0773624,0.0829496,0.0886705,0.0945046,0.100431,0.106426,0.112468,0.118533,0.154188
0,5.57413e-12,1.17025e-11,1.84401e-11,2.58685e-11,3.41177e-11,4.33991e-11,5.40595e-11,6.66663e-11,8.21419e-11,1.01975e-10,1.28548e-10,1.65646e-10,2.19226e-10,2.98603e-10,4.18224e-10,6.00321e-10,8.78865e-10,1.30537e-09,1.95741e-09,2.95089e-09,4.45787e-09,6.73182e-09,1.01436e-08,1.5232e-08,2.27743e-08,3.38841e-08,5.01456e-08,7.37976e-08,1.07982e-07,1.57076e-07,2.27144e-07,3.2652e-07,4.66588e-07,6.62795e-07,9.35956e-07,1.31394e-06,1.8338e-06,2.5445e-06,3.5103e-06,4.81498e-06,6.56708e-06,8.90626e-06,1.20111e-05,1.61084e-05,2.14846e-05,2.84984e-05,3.75971e-05,4.9334e-05,6.43897e-05,8.35957e-05,0.000107961,0.000138702,0.000177277,0.000225422,0.000285186,0.000358981,0.000449617,0.000560352,0.000694937,0.00085766,0.00105339,0.00128761,0.00156647,0.0018968,0.00228612,0.0027427,0.00327547,0.00389411,0.00460893,0.00543086,0.00637139,0.00744247,0.00865638,0.0100257,0.0115629,0.0132807,0.0151913,0.0173064,0.0196374,0.0221944,0.0249867,0.0280222,0.0313074,0.0348469,0.0386438,0.0426989,0.0470108,0.0515761,0.0563889,0.0614411,0.0667221,0.0722192,0.0779173,0.0837995,0.0898469,0.0960387,0.102353,0.108767,0.115255,0.121794,0.128358,0.154188
0,9.06376e-12,1.89865e-11,2.98297e-11,4.16831e-11,5.46889e-11,6.90783e-11,8.5231e-11,1.03769e-10,1.25707e-10,1.52682e-10,1.87314e-10,2.33769e-10,2.98603e-10,3.92064e-10,5.30033e-10,7.36949e-10,1.05012e-09,1.5261e-09,2.24998e-09,3.34886e-09,5.01124e-09,7.51468e-09,1.1265e-08,1.68516e-08,2.51239e-08,3.72985e-08,5.51051e-08,8.09866e-08,1.18369e-07,1.72026e-07,2.48561e-07,3.57051e-07,5.09887e-07,7.23871e-07,1.02164e-06,1.43347e-06,1.99963e-06,2.77329e-06,3.82419e-06,5.24323e-06,7.14811e-06,9.69027e-06,1.30632e-05,1.75126e-05,2.33486e-05,3.09595e-05,4.08294e-05,5.35568e-05,6.98776e-05,9.06906e-05,0.000117086,0.000150379,0.000192144,0.000244254,0.000308923,0.000388751,0.000486772,0.000606499,0.000751976,0.000927825,0.00113929,0.00139229,0.00169344,0.0020501,0.00247037,0.00296313,0.00353803,0.00420546,0.00497651,0.00586295,0.00687713,0.0080319,0.00934047,0.0108163,0.012473,0.0143239,0.0163823,0.0186609,0.0211716,0.0239255,0.0269325,0.0302011,0.0337383,0.037549,0.0416364,0.0460013,0.0506425,0.055556,0.0607357,0.0661726,0.0718555,0.0777706,0.0839019,0.090231,0.0967375,0.103399,0.110193,0.117093,0.124074,0.131109,0.13817,0.154188
0,1.46646e-11,3.06608e-11,4.80563e-11,6.69483e-11,8.74895e-11,1.09929e-10,1.34677e-10,1.6241e-10,1.9423e-10,2.31922e-10,2.78349e-10,3.38061e-10,4.18224e-10,5.30033e-10,6.90843e-10,9.2734e-10,1.28025e-09,1.81127e-09,2.61319e-09,3.8245e-09,5.6505e-09,8.39334e-09,1.24945e-08,1.85947e-08,2.76171e-08,4.08828e-08,6.02695e-08,8.84273e-08,1.29071e-07,1.87375e-07,2.70491e-07,3.88248e-07,5.54056e-07,7.86089e-07,1.10882e-06,1.55498e-06,2.16806e-06,3.00548e-06,4.14252e-06,5.67725e-06,7.73664e-06,1.04839e-05,1.41277e-05,1.89326e-05,2.52326e-05,3.3446e-05,4.40935e-05,5.78192e-05,7.54146e-05,9.7846e-05,0.000126286,0.000162146,0.000207119,0.000263216,0.000332816,0.000418707,0.000524147,0.000652903,0.000809315,0.000998338,0.0012256,0.00149743,0.00182093,0.00220398,0.00265527,0.00318429,0.00380138,0.00451767,0.00534503,0.00629605,0.00738394,0.00862245,0.0100257,0.0116081,0.0133842,0.0153683,0.0175745,0.0200164,0.0227068,0.0256575,0.028879,0.0323805,0.0361693,0.0402508,0.0446283,0.0493028,0.0542727,0.0595339,0.0650797,0.0709008,0.0769848,0.0833173,0.0898808,0.0966559,0.103621,0.110752,0.118023,0.125409,0.132881,0.140411,0.147969,0.154188
0,2.3593e-11,4.92468e-11,7.70342e-11,1.07058e-10,1.39478e-10,1.74557e-10,2.12733e-10,2.54728e-10,3.01732e-10,3.55674e-10,4.19654e-10,4.9861e-10,6.00321e-10,7.36949e-10,9.2734e-10,1.20047e-09,1.60055e-09,2.19452e-09,3.083e-09,4.41612e-09,6.41627e-09,9.41059e-09,1.38769e-08,2.0508e-08,3.0302e-08,4.46863e-08,6.56885e-08,9.61689e-08,1.40136e-07,2.03167e-07,2.92972e-07,4.2014e-07,5.99109e-07,8.49443e-07,1.19747e-06,1.67839e-06,2.33897e-06,3.24088e-06,4.465e-06,6.11665e-06,8.33209e-06,1.12865e-05,1.52035e-05,2.0367e-05,2.71349e-05,3.59554e-05,4.73863e-05,6.21173e-05,8.09957e-05,0.000105056,0.000135551,0.000173994,0.000222192,0.000282296,0.000356848,0.000448828,0.000561715,0.000699534,0.000866917,0.00106915,0.00131225,0.00160297,0.00194887,0.00235837,0.00284072,0.00340606,0.00406541,0.0048306,0.00571432,0.00672996,0.00789161,0.00921388,0.0107119,0.0124008,0.0142963,0.0164135,0.0187674,0.0213726,0.0242425,0.0273898,0.0308257,0.0345598,0.0386,0.0429519,0.0476191,0.0526026,0.0579007,0.063509,0.0694204,0.0756248,0.0821093,0.0888582,0.0958532,0.103073,0.110496,0.118095,0.125844,0.133714,0.141676,0.1497,0.157754,0.154188
0,3.77283e-11,7.8635e-11,1.22796e-10,1.70315e-10,2.21354e-10,2.76184e-10,3.3526e-10,3.99345e-10,4.69703e-10,5.48399e-10,6.38767e-10,7.46124e-10,8.78865e-10,1.05012e-09,1.28025e-09,1.60055e-09,2.05877e-09,2.72718e-09,3.71435e-09,5.18223e-09,7.37061e-09,1.0632e-08,1.5481e-08,2.26637e-08,3.32537e-08,4.87864e-08,7.14411e-08,1.04291e-07,1.51642e-07,2.19479e-07,3.16078e-07,4.52791e-07,6.451e-07,9.13968e-07,1.2876e-06,1.80368e-06,2.51226e-06,3.47934e-06,4.79141e-06,6.56108e-06,8.93396e-06,1.20972e-05,1.62897e-05,2.18146e-05,2.90538e-05,3.84856e-05,5.0705e-05,6.64474e-05,8.66163e-05,0.000112314,0.000144876,0.000185913,0.000237351,0.000301479,0.000381002,0.000479094,0.000599453,0.000746362,0.000924747,0.00114023,0.0013992,0.00170884,0.00207719,0.00251317,0.00302663,0.00362834,0.00432998,0.00514413,0.00608424,0.00716453,0.00839994,0.009806,0.0113987,0.0131942,0.015209,0.0174592,0.0199608,0.0227291,0.0257784,0.0291221,0.032772,0.0367385,0.0410297,0.0456517,0.0506082,0.0559002,0.0615259,0.0674808,0.073757,0.0803441,0.0872283,0.0943928,0.101818,0.109483,0.117361,0.125428,0.133653,0.142007,0.150458,0.158974,0.167523,0.154188
0,5.99511e-11,1.24783e-10,1.9457e-10,2.69409e-10,3.49456e-10,4.34976e-10,5.26429e-10,6.24604e-10,7.30824e-10,8.47276e-10,9.77509e-10,1.12721e-09,1.30537e-09,1.5261e-09,1.81127e-09,2.19452e-09,2.72718e-09,3.48689e-09,4.59034e-09,6.21143e-09,8.60758e-09,1.21571e-08,1.74118e-08,2.51716e-08,3.65869e-08,5.33021e-08,7.76505e-08,1.12921e-07,1.63717e-07,2.3644e-07,3.39932e-07,4.86321e-07,6.92138e-07,9.79759e-07,1.37927e-06,1.93089e-06,2.68795e-06,3.7208e-06,5.1216e-06,7.01027e-06,9.54185e-06,1.29155e-05,1.73855e-05,2.32742e-05,3.09877e-05,4.10345e-05,5.40469e-05,7.08063e-05,9.22722e-05,0.000119615,0.000154253,0.000197895,0.000252585,0.000320751,0.000405262,0.000509484,0.000637337,0.00079336,0.000982772,0.00121153,0.0014864,0.00181499,0.00220582,0.00266832,0.00321293,0.00385103,0.00459499,0.00545811,0.00645463,0.00759958,0.00890876,0.0103986,0.0120859,0.013988,0.016122,0.0185052,0.0211543,0.0240855,0.027314,0.0308539,0.0347177,0.0389161,0.043458,0.0483496,0.0535949,0.0591949,0.0651477,0.0714484,0.0780889,0.0850579,0.0923409,0.0999203,0.107775,0.115883,0.124217,0.13275,0.14145,0.150286,0.159225,0.168233,0.177276,0.154188
0,9.46456e-11,1.96747e-10,3.06368e-10,4.23587e-10,5.48537e-10,6.81459e-10,8.22798e-10,9.73341e-10,1.13445e-09,1.3084e-09,1.49893e-09,1.71207e-09,1.95741e-09,2.24998e-09,2.61319e-09,3.083e-09,3.71435e-09,4.59034e-09,5.8358e-09,7.63675e-09,1.02685e-08,1.41353e-08,1.98269e-08,2.81973e-08,4.0475e-08,5.84143e-08,8.45038e-08,1.2225e-07,1.76559e-07,2.54249e-07,3.64737e-07,5.2093e-07,7.40418e-07,1.047e-06,1.47266e-06,2.06014e-06,2.86612e-06,3.9653e-06,5.45553e-06,7.46409e-06,1.01555e-05,1.3741e-05,1.84902e-05,2.47449e-05,3.29354e-05,4.36004e-05,5.74097e-05,7.51908e-05,9.79593e-05,0.000126954,0.000163676,0.000209932,0.000267885,0.000340101,0.000429614,0.000539981,0.000675344,0.000840499,0.00104096,0.00128302,0.00157381,0.00192138,0.0023347,0.00282375,0.00339952,0.00407403,0.00486033,0.00577244,0.00682536,0.00803497,0.0094179,0.0109914,0.0127734,0.0147819,0.0170351,0.0195511,0.0223476,0.0254416,0.028849,0.0325848,0.0366621,0.0410922,0.0458843,0.0510451,0.0565787,0.0624861,0.0687654,0.0754113,0.0824153,0.0897655,0.0974465,0.10544,0.113724,0.122274,0.131062,0.14006,0.149234,0.158551,0.167977,0.177476,0.187011,0.154188
0,1.48434e-10,3.08191e-10,4.7931e-10,6.61831e-10,8.55836e-10,1.06152e-09,1.27926e-09,1.50982e-09,1.75455e-09,2.01578e-09,2.29739e-09,2.60572e-09,2.95089e-09,3.34886e-09,3.8245e-09,4.41612e-09,5.18223e-09,6.21143e-09,7.63675e-09,9.65647e-09,1.25638e-08,1.67895e-08,2.29613e-08,3.19883e-08,4.51771e-08,6.43936e-08,9.22831e-08,1.32571e-07,1.90469e-07,2.73217e-07,3.90807e-07,5.56935e-07,7.90254e-07,1.11599e-06,1.56806e-06,2.19172e-06,3.04701e-06,4.21303e-06,5.79333e-06,7.92257e-06,1.07748e-05,1.45734e-05,1.96034e-05,2.62259e-05,3.48956e-05,4.61817e-05,6.07913e-05,7.95981e-05,0.000103674,0.000134327,0.000173139,0.000222017,0.000283241,0.000359517,0.000454044,0.000570568,0.000713455,0.000887757,0.00109928,0.00135465,0.00166139,0.00202794,0.00246378,0.00297939,0.00358634,0.00429727,0.00512589,0.00608699,0.00719631,0.00847054,0.00992718,0.0115844,0.0134609,0.0155757,0.017948,0.0205967,0.0235404,0.0267969,0.0303831,0.0343145,0.0386049,0.0432663,0.0483083,0.0537378,0.0595591,0.0657734,0.0723785,0.079369,0.0867357,0.0944662,0.102544,0.110951,0.119662,0.128654,0.137896,0.147357,0.157004,0.166802,0.176714,0.186702,0.196728,0.154188
0,2.31244e-10,4.79581e-10,7.44998e-10,1.02746e-09,1.32696e-09,1.6436e-09,1.97764e-09,2.32976e-09,2.70123e-09,3.09437e-09,3.51314e-09,3.96411e-09,4.45787e-09,5.01124e-09,5.6505e-09,6.41627e-09,7.37061e-09,8.60758e-09,1.02685e-08,1.25638e-08,1.58051e-08,2.04493e-08,2.7163e-08,3.69103e-08,5.10773e-08,7.16416e-08,1.01407e-07,1.4432e-07,2.05898e-07,2.93807e-07,4.18618e-07,5.9482e-07,8.42137e-07,1.18724e-06,1.66596e-06,2.3261e-06,3.23108e-06,4.46439e-06,6.13533e-06,8.38598e-06,1.13999e-05,1.54127e-05,2.07247e-05,2.77167e-05,3.68678e-05,4.87773e-05,6.41901e-05,8.4026e-05,0.000109413,0.000141728,0.000182636,0.000234143,0.000298645,0.000378989,0.000478538,0.000601228,0.00075165,0.000935109,0.00115771,0.0014264,0.00174909,0.00213465,0.002593,0.00313518,0.0037733,0.00452064,0.0053916,0.00640165,0.00756734,0.00890615,0.0104364,0.0121773,0.0141483,0.0163693,0.0188605,0.0216417,0.0247323,0.0281512,0.0319158,0.0360425,0.0405458,0.0454381,0.0507294,0.0564271,0.0625357,0.0690562,0.0759864,0.0833207,0.0910493,0.0991593,0.107634,0.116452,0.125591,0.135022,0.144717,0.154641,0.16476,0.175037,0.185433,0.195909,0.206426,0.154188
0,3.57856e-10,7.41349e-10,1.15037e-09,1.58477e-09,2.04437e-09,2.5291e-09,3.03905e-09,3.5747e-09,4.13716e-09,4.72863e-09,5.35306e-09,6.01713e-09,6.73182e-09,7.51468e-09,8.39334e-09,9.41059e-09,1.0632e-08,1.21571e-08,1.41353e-08,1.67895e-08,2.04493e-08,2.55986e-08,3.29425e-08,4.35009e-08,5.87393e-08,8.07487e-08,1.12492e-07,1.58137e-07,2.23512e-07,3.16707e-07,4.4888e-07,6.35315e-07,8.96811e-07,1.26148e-06,1.7671e-06,2.46403e-06,3.41905e-06,4.7201e-06,6.48221e-06,8.85492e-06,1.20313e-05,1.62593e-05,2.18546e-05,2.92174e-05,3.88515e-05,5.13864e-05,6.76048e-05,8.84727e-05,0.000115175,0.000149156,0.000192164,0.000246303,0.000314089,0.000398508,0.000503084,0.000631949,0.000789911,0.000982535,0.00121621,0.00149824,0.00183688,0.00224144,0.00272232,0.00329105,0.00396034,0.00474408,0.00565734,0.00671632,0.00793834,0.00934168,0.0109456,0.0127699,0.0148352,0.0171624,0.0197723,0.0226858,0.0259232,0.0295041,0.0334469,0.0377686,0.0424843,0.047607,0.0531472,0.0591126,0.0655078,0.0723339,0.0795886,0.0872659,0.0953557,0.103844,0.112714,0.121944,0.131508,0.141379,0.151524,0.16191,0.1725,0.183255,0.194135,0.205098,0.216103,0.154188
0,5.50108e-10,1.13842e-09,1.76466e-09,2.42846e-09,3.12941e-09,3.86714e-09,4.64144e-09,5.45245e-09,6.301e-09,7.18902e-09,8.12026e-09,9.1014e-09,1.01436e-08,1.1265e-08,1.24945e-08,1.38769e-08,1.5481e-08,1.74118e-08,1.98269e-08,2.29613e-08,2.7163e-08,3.29425e-08,4.10437e-08,5.25427e-08,6.89851e-08,9.25752e-08,1.26436e-07,1.74959e-07,2.44283e-07,3.42927e-07,4.82635e-07,6.79492e-07,9.55376e-07,1.33986e-06,1.87263e-06,2.60666e-06,3.61209e-06,4.9813e-06,6.83509e-06,9.33045e-06,1.26701e-05,1.7114e-05,2.29936e-05,3.07286e-05,4.0847e-05,5.40091e-05,7.10351e-05,9.29371e-05,0.000120957,0.000156606,0.000201718,0.000258494,0.000329568,0.000418065,0.000527674,0.000662716,0.000828223,0.00103001,0.00127478,0.00157013,0.00192473,0.00234829,0.00285168,0.00344696,0.0041474,0.00496752,0.00592305,0.00703092,0.0083092,0.009777,0.0114544,0.0133621,0.0155217,0.0179547,0.0206832,0.0237289,0.0271128,0.0308555,0.0349761,0.0394924,0.0444201,0.0497728,0.0555614,0.0617939,0.068475,0.0756061,0.0831845,0.091204,0.0996541,0.108521,0.117785,0.127425,0.137414,0.147723,0.158318,0.169165,0.180224,0.191456,0.202817,0.214267,0.22576,0.154188
0,8.40036e-10,1.73662e-09,2.6892e-09,3.69708e-09,4.75944e-09,5.87546e-09,7.04443e-09,8.26599e-09,9.54043e-09,1.08692e-08,1.22557e-08,1.37062e-08,1.5232e-08,1.68516e-08,1.85947e-08,2.0508e-08,2.26637e-08,2.51716e-08,2.81973e-08,3.19883e-08,3.69103e-08,4.35009e-08,5.25427e-08,6.51681e-08,8.3003e-08,1.08366e-07,1.4454e-07,1.96142e-07,2.69622e-07,3.7393e-07,5.21399e-07,7.28915e-07,1.01944e-06,1.42401e-06,1.98426e-06,2.75571e-06,3.81193e-06,5.24973e-06,7.19569e-06,9.81428e-06,1.33178e-05,1.79785e-05,2.41433e-05,3.22514e-05,4.28554e-05,5.66461e-05,7.44812e-05,9.74192e-05,0.000126758,0.000164079,0.000211296,0.000270712,0.000345075,0.000437653,0.000552297,0.000693519,0.000866573,0.00107753,0.00133337,0.00164206,0.0020126,0.00245516,0.00298105,0.00360286,0.00433442,0.00519088,0.00618863,0.00734533,0.00867981,0.010212,0.0119628,0.0139538,0.0162074,0.0187463,0.0215931,0.0247706,0.0283008,0.0322049,0.036503,0.0412135,0.0463528,0.051935,0.0579714,0.0644705,0.071437,0.0788722,0.0867736,0.0951345,0.103944,0.113187,0.122845,0.132894,0.143307,0.154053,0.165097,0.176403,0.187931,0.199638,0.211481,0.223414,0.235394,0.154188
0,1.2743e-09,2.63174e-09,4.07134e-09,5.59185e-09,7.19183e-09,8.86976e-09,1.06242e-08,1.24539e-08,1.43583e-08,1.63382e-08,1.83961e-08,2.05379e-08,2.27743e-08,2.51239e-08,2.76171e-08,3.0302e-08,3.32537e-08,3.65869e-08,4.0475e-08,4.51771e-08,5.10773e-08,5.87393e-08,6.89851e-08,8.3003e-08,1.025e-07,1.29908e-07,1.68671e-07,2.23633e-07,3.01556e-07,4.11821e-07,5.67352e-07,7.85841e-07,1.09134e-06,1.51633e-06,2.10442e-06,2.91369e-06,4.02113e-06,5.52798e-06,7.56664e-06,1.0309e-05,1.39771e-05,1.88553e-05,2.5306e-05,3.37882e-05,4.48789e-05,5.92993e-05,7.79447e-05,0.00010192,0.00013258,0.000171574,0.000220898,0.000282954,0.000360609,0.000457269,0.000576948,0.000724349,0.000904948,0.00112507,0.00139199,0.001714,0.00210048,0.00256201,0.00311038,0.00375869,0.00452135,0.00541411,0.00645403,0.0076595,0.0090501,0.0106466,0.0124706,0.0145448,0.0168923,0.0195367,0.0225017,0.0258108,0.029487,0.0335523,0.0380275,0.0429317,0.0482821,0.0540933,0.060377,0.0671419,0.0743931,0.0821319,0.0903554,0.0990569,0.108225,0.117844,0.127894,0.138351,0.149187,0.160368,0.171861,0.183625,0.19562,0.207801,0.220123,0.23254,0.245005,0.154188
0,1.92038e-09,3.96218e-09,6.12371e-09,8.40292e-09,1.07974e-08,1.33045e-08,1.59217e-08,1.86465e-08,2.14771e-08,2.44129e-08,2.74553e-08,3.0609e-08,3.38841e-08,3.72985e-08,4.08828e-08,4.46863e-08,4.87864e-08,5.33021e-08,5.84143e-08,6.43936e-08,7.16416e-08,8.07487e-08,9.25752e-08,1.08366e-07,1.29908e-07,1.59747e-07,2.01491e-07,2.60208e-07,3.42973e-07,4.596e-07,6.23608e-07,8.53491e-07,1.17439e-06,1.62026e-06,2.23664e-06,3.08423e-06,4.24339e-06,5.81985e-06,7.95178e-06,1.08186e-05,1.46518e-05,1.97482e-05,2.64858e-05,3.53429e-05,4.69211e-05,6.19721e-05,8.14289e-05,0.000106443,0.000138424,0.000179092,0.000230524,0.000295221,0.000376168,0.000476909,0.000601622,0.0007552,0.00094334,0.00117262,0.00145061,0.00178593,0.00218833,0.00266882,0.00323965,0.00391443,0.00470814,0.00563714,0.00671918,0.00797334,0.00941996,0.0110806,0.0129778,0.015135,0.0175762,0.020326,0.0234089,0.0268494,0.0306712,0.0348972,0.0395491,0.0446467,0.0502078,0.0562474,0.0627778,0.0698079,0.0773431,0.0853845,0.0939295,0.102971,0.112496,0.12249,0.132932,0.143796,0.155053,0.166669,0.178608,0.19083,0.20329,0.215944,0.228745,0.241644,0.254592,0.154188
0,2.87516e-09,5.92644e-09,9.1511e-09,1.25458e-08,1.61066e-08,1.98295e-08,2.37099e-08,2.77436e-08,3.1927e-08,3.62574e-08,4.07344e-08,4.5361e-08,5.01456e-08,5.51051e-08,6.02695e-08,6.56885e-08,7.14411e-08,7.76505e-08,8.45038e-08,9.22831e-08,1.01407e-07,1.12492e-07,1.26436e-07,1.4454e-07,1.68671e-07,2.01491e-07,2.46768e-07,3.09794e-07,3.97962e-07,5.21518e-07,6.94572e-07,9.36429e-07,1.27332e-06,1.74066e-06,2.38595e-06,3.27248e-06,4.48401e-06,6.13073e-06,8.35661e-06,1.13486e-05,1.53477e-05,2.06631e-05,2.76882e-05,3.69211e-05,4.89876e-05,6.467e-05,8.4939e-05,0.000110992,0.000144296,0.000186637,0.000240178,0.000307515,0.000391753,0.000496574,0.000626318,0.000786069,0.000981744,0.00122018,0.00150923,0.00185784,0.00227615,0.00277556,0.00336882,0.00407003,0.00489474,0.00585993,0.00698401,0.00828677,0.00978933,0.011514,0.0134842,0.0157242,0.018259,0.0211139,0.0243145,0.027886,0.0318531,0.0362396,0.0410678,0.0463583,0.0521294,0.0583969,0.0651733,0.072468,0.0802864,0.0886298,0.0974953,0.106875,0.116758,0.127126,0.137958,0.149227,0.160904,0.172954,0.185339,0.198016,0.210941,0.224066,0.237344,0.250723,0.264154,0.154188
0,4.27677e-09,8.8073e-09,1.35872e-08,1.86112e-08,2.38733e-08,2.93669e-08,3.5085e-08,4.10208e-08,4.71675e-08,5.35199e-08,6.00746e-08,6.68319e-08,7.37976e-08,8.09866e-08,8.84273e-08,9.61689e-08,1.04291e-07,1.12921e-07,1.2225e-07,1.32571e-07,1.4432e-07,1.58137e-07,1.74959e-07,1.96142e-07,2.23633e-07,2.60208e-07,3.09794e-07,3.77914e-07,4.7227e-07,6.03544e-07,7.86441e-07,1.04107e-06,1.39476e-06,1.88439e-06,2.55941e-06,3.4857e-06,4.75044e-06,6.46827e-06,8.78898e-06,1.19069e-05,1.60729e-05,2.16082e-05,2.89217e-05,3.85312e-05,5.10869e-05,6.74016e-05,8.84834e-05,0.000115576,0.000150202,0.000194218,0.000249866,0.000319844,0.000407371,0.000516268,0.000651039,0.000816958,0.00102016,0.00126774,0.00156783,0.00192971,0.00236391,0.00288222,0.00349787,0.00422547,0.00508113,0.00608245,0.00724849,0.00859976,0.0101581,0.0119467,0.0139898,0.0163124,0.0189405,0.0219004,0.0252183,0.0289205,0.0330326,0.0375791,0.0425832,0.0480661,0.0540468,0.0605415,0.0675634,0.0751219,0.0832228,0.0918673,0.101052,0.11077,0.121008,0.131749,0.14297,0.154645,0.166741,0.179223,0.192052,0.205183,0.218571,0.232167,0.24592,0.259779,0.27369,0.154188
0,6.32075e-09,1.30047e-08,2.0045e-08,2.74334e-08,3.51609e-08,4.32172e-08,5.15917e-08,6.02735e-08,6.9252e-08,7.85174e-08,8.80625e-08,9.78832e-08,1.07982e-07,1.18369e-07,1.29071e-07,1.40136e-07,1.51642e-07,1.63717e-07,1.76559e-07,1.90469e-07,2.05898e-07,2.23512e-07,2.44283e-07,2.69622e-07,3.01556e-07,3.42973e-07,3.97962e-07,4.7227e-07,5.73916e-07,7.14012e-07,9.07857e-07,1.17637e-06,1.54797e-06,2.06101e-06,2.76688e-06,3.73406e-06,5.05314e-06,6.84322e-06,9.25987e-06,1.2505e-05,1.68389e-05,2.25951e-05,3.01982e-05,4.01852e-05,5.32311e-05,7.01788e-05,9.20741e-05,0.000120207,0.000156156,0.000201845,0.0002596,0.000332216,0.00042303,0.000536,0.000675793,0.000847872,0.00105859,0.0013153,0.00162642,0.00200156,0.00245161,0.00298879,0.00362679,0.00438072,0.00526728,0.00630465,0.00751256,0.00891224,0.0105263,0.0123787,0.0144944,0.0168995,0.0196207,0.0226852,0.0261202,0.0299529,0.0342096,0.0389157,0.0440951,0.0497699,0.0559596,0.062681,0.0699476,0.0777693,0.0861518,0.0950966,0.1046,0.114655,0.125248,0.13636,0.14797,0.160048,0.172562,0.185475,0.198746,0.21233,0.22618,0.240245,0.254472,0.268809,0.2832,0.154188
0,9.282e-09,1.90804e-08,2.93845e-08,4.01821e-08,5.14592e-08,6.32007e-08,7.53906e-08,8.80121e-08,1.01049e-07,1.14485e-07,1.28307e-07,1.42506e-07,1.57076e-07,1.72026e-07,1.87375e-07,2.03167e-07,2.19479e-07,2.3644e-07,2.54249e-07,2.73217e-07,2.93807e-07,3.16707e-07,3.42927e-07,3.7393e-07,4.11821e-07,4.596e-07,5.21518e-07,6.03544e-07,7.14012e-07,8.64466e-07,1.0708e-06,1.35474e-06,1.74579e-06,2.28377e-06,3.02204e-06,4.03165e-06,5.40661e-06,7.27047e-06,9.78459e-06,1.31583e-05,1.76617e-05,2.36403e-05,3.15343e-05,4.19002e-05,5.54374e-05,7.30192e-05,9.57288e-05,0.000124902,0.000162174,0.000209537,0.000269398,0.00034465,0.000438747,0.000555786,0.000700594,0.000878825,0.00109705,0.00136287,0.001685,0.00207337,0.00253925,0.00309527,0.00375557,0.00453579,0.00545316,0.00652651,0.0077762,0.00922418,0.0108938,0.0128098,0.014998,0.0174854,0.0202995,0.0234683,0.0270201,0.0309829,0.0353837,0.040249,0.0456034,0.0514695,0.0578676,0.064815,0.0723257,0.0804097,0.0890731,0.0983173,0.108139,0.11853,0.129476,0.140959,0.152955,0.165435,0.178366,0.191709,0.205421,0.219457,0.233767,0.248299,0.262999,0.277812,0.292681,0.154188
0,1.35443e-08,2.78178e-08,4.28045e-08,5.8486e-08,7.48415e-08,9.18487e-08,1.09484e-07,1.27722e-07,1.46538e-07,1.65909e-07,1.85811e-07,2.06227e-07,2.27144e-07,2.48561e-07,2.70491e-07,2.92972e-07,3.16078e-07,3.39932e-07,3.64737e-07,3.90807e-07,4.18618e-07,4.4888e-07,4.82635e-07,5.21399e-07,5.67352e-07,6.23608e-07,6.94572e-07,7.86441e-07,9.07857e-07,1.0708e-06,1.29175e-06,1.59325e-06,2.00588e-06,2.57094e-06,3.34372e-06,4.39788e-06,5.83082e-06,7.77055e-06,1.03842e-05,1.38887e-05,1.85634e-05,2.47663e-05,3.29531e-05,4.36997e-05,5.77298e-05,7.5947e-05,9.9472e-05,0.000129686,0.000168282,0.000217318,0.000279283,0.000357169,0.000454547,0.000575649,0.000725467,0.000909839,0.00113556,0.00141048,0.00174359,0.00214518,0.00262684,0.00320166,0.00388421,0.00469066,0.00563879,0.00674802,0.0080394,0.00953555,0.0112606,0.01324,0.0155006,0.01807,0.0209767,0.0242496,0.0279179,0.0320103,0.036555,0.041579,0.0471078,0.0531647,0.0597706,0.0669434,0.0746973,0.083043,0.0919863,0.101529,0.111667,0.122393,0.133692,0.145544,0.157926,0.170808,0.184154,0.197925,0.212077,0.226563,0.241332,0.25633,0.271501,0.286789,0.302134,0.154188
0,1.96396e-08,4.03024e-08,6.19642e-08,8.45978e-08,1.08173e-07,1.32657e-07,1.58014e-07,1.8421e-07,2.11207e-07,2.38968e-07,2.6746e-07,2.96652e-07,3.2652e-07,3.57051e-07,3.88248e-07,4.2014e-07,4.52791e-07,4.86321e-07,5.2093e-07,5.56935e-07,5.9482e-07,6.35315e-07,6.79492e-07,7.28915e-07,7.85841e-07,8.53491e-07,9.36429e-07,1.04107e-06,1.17637e-06,1.35474e-06,1.59325e-06,1.91523e-06,2.35238e-06,2.94744e-06,3.75766e-06,4.85927e-06,6.35308e-06,8.37155e-06,1.10876e-05,1.47255e-05,1.95743e-05,2.60043e-05,3.44864e-05,4.5616e-05,6.01412e-05,7.89959e-05,0.000103338,0.000134595,0.000174514,0.000225223,0.000289292,0.000369811,0.000470465,0.000595626,0.000750444,0.00094095,0.00117415,0.00145815,0.00180223,0.00221699,0.00271442,0.00330799,0.00401275,0.00484536,0.00582416,0.00696919,0.00830214,0.00984634,0.0116267,0.0136694,0.0160021,0.0186533,0.0216523,0.0250291,0.0288135,0.0330352,0.0377233,0.0429055,0.0486082,0.0548553,0.0616684,0.0690658,0.0770623,0.0856687,0.0948912,0.104731,0.115186,0.126245,0.137895,0.150116,0.162882,0.176163,0.189923,0.204121,0.218712,0.233647,0.248873,0.264336,0.279976,0.295737,0.311558,0.154188
0,2.83006e-08,5.80271e-08,8.9144e-08,1.21611e-07,1.55385e-07,1.90419e-07,2.26661e-07,2.6406e-07,3.02562e-07,3.42115e-07,3.82668e-07,4.24172e-07,4.66588e-07,5.09887e-07,5.54056e-07,5.99109e-07,6.451e-07,6.92138e-07,7.40418e-07,7.90254e-07,8.42137e-07,8.96811e-07,9.55376e-07,1.01944e-06,1.09134e-06,1.17439e-06,1.27332e-06,1.39476e-06,1.54797e-06,1.74579e-06,2.00588e-06,2.35238e-06,2.81807e-06,3.44713e-06,4.29879e-06,5.45183e-06,7.01046e-06,9.11158e-06,1.19339e-05,1.57091e-05,2.07358e-05,2.73964e-05,3.61773e-05,4.76933e-05,6.27168e-05,8.22117e-05,0.000107373,0.000139675,0.00018092,0.000233302,0.000299475,0.000382624,0.000486551,0.000615765,0.000775578,0.000972205,0.00121287,0.00150593,0.00186096,0.00228887,0.00280202,0.0034143,0.00414121,0.00499991,0.00600932,0.00719005,0.00856446,0.0101566,0.011992,0.0140979,0.0165024,0.0192352,0.0223264,0.0258066,0.0297068,0.0340575,0.0388885,0.0442285,0.0501044,0.0565412,0.0635608,0.0711821,0.0794205,0.0882868,0.0977875,0.107924,0.118693,0.130085,0.142085,0.154673,0.167823,0.181502,0.195675,0.210298,0.225326,0.240709,0.25639,0.272315,0.288424,0.304656,0.32095,0.154188
0,4.05288e-08,8.30318e-08,1.27457e-07,1.73748e-07,2.2184e-07,2.71665e-07,3.23153e-07,3.76228e-07,4.30815e-07,4.86838e-07,5.44221e-07,6.02895e-07,6.62795e-07,7.23871e-07,7.86089e-07,8.49443e-07,9.13968e-07,9.79759e-07,1.047e-06,1.11599e-06,1.18724e-06,1.26148e-06,1.33986e-06,1.42401e-06,1.51633e-06,1.62026e-06,1.74066e-06,1.88439e-06,2.06101e-06,2.28377e-06,2.57094e-06,2.94744e-06,3.44713e-06,4.11567e-06,5.0142e-06,6.22409e-06,7.85293e-06,1.00421e-05,1.29759e-05,1.68936e-05,2.21033e-05,2.89996e-05,3.80842e-05,4.99913e-05,6.55174e-05,8.56566e-05,0.000111641,0.000144991,0.000187563,0.000241621,0.000309897,0.000395676,0.000502874,0.000636137,0.000800937,0.00100368,0.0012518,0.0015539,0.00191985,0.00236088,0.00288972,0.00352066,0.00426965,0.00515438,0.0061943,0.00741064,0.00882639,0.0104663,0.0123567,0.0145255,0.0170017,0.0198158,0.0229988,0.0265822,0.0305978,0.035077,0.0400505,0.0455477,0.0515965,0.0582222,0.0654476,0.0732922,0.0817715,0.0908968,0.100675,0.111107,0.12219,0.133913,0.146263,0.159216,0.172748,0.186824,0.201408,0.216455,0.231919,0.247747,0.263883,0.280269,0.296844,0.313546,0.330312,0.154188
0,5.76844e-08,1.18085e-07,1.81126e-07,2.46726e-07,3.14793e-07,3.85233e-07,4.57944e-07,5.3282e-07,6.09755e-07,6.8864e-07,7.69369e-07,8.51839e-07,9.35956e-07,1.02164e-06,1.10882e-06,1.19747e-06,1.2876e-06,1.37927e-06,1.47266e-06,1.56806e-06,1.66596e-06,1.7671e-06,1.87263e-06,1.98426e-06,2.10442e-06,2.23664e-06,2.38595e-06,2.55941e-06,2.76688e-06,3.02204e-06,3.34372e-06,3.75766e-06,4.29879e-06,5.0142e-06,5.96698e-06,7.24107e-06,8.94743e-06,1.12318e-05,1.42844e-05,1.83517e-05,2.37515e-05,3.08902e-05,4.02852e-05,5.25898e-05,6.86248e-05,8.94141e-05,0.000116227,0.000150629,0.000194533,0.000250269,0.000320651,0.00040906,0.000519528,0.000656836,0.000826616,0.00103546,0.00129102,0.00160215,0.00197899,0.00243311,0.00297759,0.00362714,0.00439817,0.00530886,0.00637921,0.00763104,0.00908802,0.0107756,0.0127208,0.0149522,0.0175,0.0203951,0.0236696,0.0273558,0.0314865,0.0360938,0.0412093,0.0468633,0.0530842,0.0598983,0.0673288,0.0753958,0.0841153,0.0934987,0.103553,0.11428,0.125675,0.137729,0.150426,0.163744,0.177656,0.192128,0.207122,0.222592,0.238489,0.254761,0.271349,0.288195,0.305235,0.322405,0.339641,0.154188
